1.0e-9 1.0999844516275452 1.099986963818261 1.0999798456554792 1.0999887111296325 2.3414690969133036e-6 2.3414690969133036e-6 2.3414690969133036e-6 2.3414690969133036e-6
2.0e-9 1.0999733961476195 1.0999742531017909 1.0999723436567987 1.0999703813659045 2.341453993388264e-6 2.341453993388264e-6 2.341453993388264e-6 2.341453993388264e-6
3.0000000000000004e-9 1.0999603890478904 1.0999573550868245 1.0999596477060574 1.0999556786442617 2.341438891075206e-6 2.341438891075206e-6 2.341438891075206e-6 2.341438891075206e-6
4.0e-9 1.0999469252163667 1.0999467081260819 1.0999433987304892 1.0999442573556393 2.341423789974004e-6 2.341423789974004e-6 2.341423789974004e-6 2.341423789974004e-6
5.0e-9 1.099936069508822 1.0999332228534753 1.0999293660517386 1.0999362391497711 2.341408690084536e-6 2.341408690084536e-6 2.341408690084536e-6 2.341408690084536e-6
6.000000000000001e-9 1.0999193912190652 1.0999207187251103 1.0999202077486157 1.0999186182721283 2.341393591406678e-6 2.341393591406678e-6 2.341393591406678e-6 2.341393591406678e-6
7.000000000000001e-9 1.0999082339792092 1.0999080423212775 1.099905698469536 1.0999048644295122 2.3413784939403077e-6 2.3413784939403077e-6 2.3413784939403077e-6 2.3413784939403077e-6
8.0e-9 1.0998916082349492 1.0998913787625864 1.0998925773706134 1.099894800754903 2.341363397685301e-6 2.341363397685301e-6 2.341363397685301e-6 2.341363397685301e-6
9.000000000000001e-9 1.0998793502488173 1.0998783395642322 1.0998749649744448 1.099877069073363 2.3413483026415364e-6 2.3413483026415364e-6 2.3413483026415364e-6 2.3413483026415364e-6
1.0e-8 1.0998651766080505 1.099859203286154 1.0998642058896322 1.0998631184426764 2.341333208808888e-6 2.341333208808888e-6 2.341333208808888e-6 2.341333208808888e-6
1.1000000000000001e-8 1.0998507623119438 1.099851207269178 1.0998497607009008 1.0998469546898946 2.3413181161872354e-6 2.3413181161872354e-6 2.3413181161872354e-6 2.3413181161872354e-6
1.2000000000000002e-8 1.0998358284733298 1.099840533678056 1.0998398745844673 1.0998369086427942 2.341303024776455e-6 2.341303024776455e-6 2.341303024776455e-6 2.341303024776455e-6
1.3e-8 1.0998234727288818 1.099822831342651 1.099829413771961 1.0998232066233449 2.3412879345764224e-6 2.3412879345764224e-6 2.3412879345764224e-6 2.3412879345764224e-6
1.4000000000000001e-8 1.0998093424795745 1.099813984647179 1.099810630534843 1.099806719801555 2.341272845587016e-6 2.341272845587016e-6 2.341272845587016e-6 2.341272845587016e-6
1.5000000000000002e-8 1.099800617052372 1.099798222435687 1.0997990513591462 1.099792386163743 2.341257757808111e-6 2.341257757808111e-6 2.341257757808111e-6 2.341257757808111e-6
1.6e-8 1.0997848148211573 1.099782743215246 1.0997867660057492 1.0997789427587297 2.3412426712395863e-6 2.3412426712395863e-6 2.3412426712395863e-6 2.3412426712395863e-6
1.7e-8 1.0997700184358956 1.0997712161302406 1.0997696784135642 1.099769300495671 2.341227585881318e-6 2.341227585881318e-6 2.341227585881318e-6 2.341227585881318e-6
1.8000000000000002e-8 1.0997527649057097 1.09975822340883 1.0997553121854895 1.0997588078100176 2.3412125017331833e-6 2.3412125017331833e-6 2.3412125017331833e-6 2.3412125017331833e-6
1.9e-8 1.0997459742195876 1.09974569869703 1.0997429688225542 1.0997429824710019 2.3411974187950585e-6 2.3411974187950585e-6 2.3411974187950585e-6 2.3411974187950585e-6
2.0e-8 1.099728135275335 1.0997271069112922 1.09973057537526 1.0997318130004048 2.3411823370668215e-6 2.3411823370668215e-6 2.3411823370668215e-6 2.3411823370668215e-6
2.1000000000000003e-8 1.0997104732550875 1.0997143136110952 1.099713608514219 1.0997104604637773 2.341167256548349e-6 2.341167256548349e-6 2.341167256548349e-6 2.341167256548349e-6
2.2000000000000002e-8 1.099702965632639 1.0997048798278297 1.0997032757980296 1.0997027756157562 2.3411521772395174e-6 2.3411521772395174e-6 2.3411521772395174e-6 2.3411521772395174e-6
2.3e-8 1.0996870406839867 1.0996934493586443 1.099690916487115 1.0996894821857586 2.3411370991402063e-6 2.3411370991402063e-6 2.3411370991402063e-6 2.3411370991402063e-6
2.4000000000000003e-8 1.099673912885573 1.0996772964996633 1.0996753700001622 1.0996769840819705 2.341122022250289e-6 2.341122022250289e-6 2.341122022250289e-6 2.341122022250289e-6
2.5000000000000002e-8 1.099662401299142 1.0996613639517105 1.0996635138132569 1.0996638057738917 2.3411069465696457e-6 2.3411069465696457e-6 2.3411069465696457e-6 2.3411069465696457e-6
2.6e-8 1.0996495455220412 1.0996459429841265 1.0996499382452973 1.099652511076811 2.341091872098151e-6 2.341091872098151e-6 2.341091872098151e-6 2.341091872098151e-6
2.7e-8 1.0996375766267306 1.0996353280555649 1.0996360669013536 1.099631236573031 2.3410767988356842e-6 2.3410767988356842e-6 2.3410767988356842e-6 2.3410767988356842e-6
2.8000000000000003e-8 1.0996184023725697 1.0996204160292509 1.0996253030737266 1.099620222371502 2.3410617267821208e-6 2.3410617267821208e-6 2.3410617267821208e-6 2.3410617267821208e-6
2.9e-8 1.099605435152046 1.099607931290502 1.0996092930888703 1.0996089359063388 2.3410466559373394e-6 2.3410466559373394e-6 2.3410466559373394e-6 2.3410466559373394e-6
3.0000000000000004e-8 1.0995954401172128 1.0995936742819543 1.0995961392348692 1.099589688944113 2.3410315863012152e-6 2.3410315863012152e-6 2.3410315863012152e-6 2.3410315863012152e-6
3.1e-8 1.099579582932177 1.0995794917410002 1.099578809423569 1.0995833855865378 2.341016517873627e-6 2.341016517873627e-6 2.341016517873627e-6 2.341016517873627e-6
3.2e-8 1.099566467366091 1.0995637818480668 1.0995705505376294 1.0995643981190408 2.341001450654452e-6 2.341001450654452e-6 2.341001450654452e-6 2.341001450654452e-6
3.3000000000000004e-8 1.099552560547735 1.0995543837712216 1.0995498697227257 1.0995498612202816 2.3409863846435666e-6 2.3409863846435666e-6 2.3409863846435666e-6 2.3409863846435666e-6
3.4e-8 1.0995372639651733 1.099541121141646 1.0995422028603077 1.0995387016913323 2.340971319840847e-6 2.340971319840847e-6 2.340971319840847e-6 2.340971319840847e-6
3.5e-8 1.0995293789520642 1.0995213493180465 1.0995303282766071 1.099529900182034 2.3409562562461726e-6 2.3409562562461726e-6 2.3409562562461726e-6 2.3409562562461726e-6
3.6000000000000005e-8 1.0995138467769445 1.0995110736425104 1.09951395412941 1.0995106183257335 2.3409411938594205e-6 2.3409411938594205e-6 2.3409411938594205e-6 2.3409411938594205e-6
3.7e-8 1.0995015071947825 1.0994968135384828 1.0994962416903122 1.099497718938479 2.340926132680466e-6 2.340926132680466e-6 2.340926132680466e-6 2.340926132680466e-6
3.8e-8 1.099484548601024 1.0994854852707292 1.0994866130412293 1.0994846772187432 2.3409110727091875e-6 2.3409110727091875e-6 2.3409110727091875e-6 2.3409110727091875e-6
3.9000000000000005e-8 1.0994699610660543 1.0994689762358805 1.0994699043566987 1.099475330783198 2.340896013945462e-6 2.340896013945462e-6 2.340896013945462e-6 2.340896013945462e-6
4.0e-8 1.0994576600474442 1.0994596910284986 1.099455013984587 1.0994562040515148 2.3408809563891674e-6 2.3408809563891674e-6 2.3408809563891674e-6 2.3408809563891674e-6
4.1e-8 1.0994426018535757 1.099441188610159 1.0994485804131784 1.0994438978826924 2.34086590004018e-6 2.34086590004018e-6 2.34086590004018e-6 2.34086590004018e-6
4.2000000000000006e-8 1.0994355073069895 1.099431942561911 1.099428691461045 1.099433432503493 2.3408508448983774e-6 2.3408508448983774e-6 2.3408508448983774e-6 2.3408508448983774e-6
4.3e-8 1.0994169937719847 1.0994214274655065 1.099413465706182 1.0994164864609444 2.3408357909636386e-6 2.3408357909636386e-6 2.3408357909636386e-6 2.3408357909636386e-6
4.4000000000000004e-8 1.0994021546832877 1.0994062134908962 1.0994032633553907 1.0994050567970033 2.340820738235838e-6 2.340820738235838e-6 2.340820738235838e-6 2.340820738235838e-6
4.5000000000000006e-8 1.0993959079146367 1.0993927918268789 1.0993929591939124 1.099390596829451 2.340805686714855e-6 2.340805686714855e-6 2.340805686714855e-6 2.340805686714855e-6
4.6e-8 1.0993777300671455 1.099378295355151 1.0993739472454078 1.0993784065986296 2.3407906364005666e-6 2.3407906364005666e-6 2.3407906364005666e-6 2.3407906364005666e-6
4.7000000000000004e-8 1.0993644892568466 1.0993640906324047 1.099365403627923 1.0993672829987664 2.340775587292849e-6 2.340775587292849e-6 2.340775587292849e-6 2.340775587292849e-6
4.8000000000000006e-8 1.0993545875693438 1.0993495058209475 1.0993504929337143 1.0993486584559693 2.3407605393915814e-6 2.3407605393915814e-6 2.3407605393915814e-6 2.3407605393915814e-6
4.9e-8 1.0993397489542063 1.099334701759261 1.0993390055379941 1.0993392438312277 2.3407454926966394e-6 2.3407454926966394e-6 2.3407454926966394e-6 2.3407454926966394e-6
5.2e-8 1.0992985372706119 1.0992986831193952 1.099298588920167 1.0992968707063853 2.3407003598485475e-6 2.3407003598485475e-6 2.3407003598485475e-6 2.3407003598485475e-6
5.6000000000000005e-8 1.0992430854698956 1.0992449960847233 1.099243904484242 1.0992420722716916 2.340640199598891e-6 2.340640199598891e-6 2.340640199598891e-6 2.340640199598891e-6
6.000000000000001e-8 1.0991901287291543 1.099189576768596 1.0991903598534842 1.0991907665896317 2.340580058634771e-6 2.340580058634771e-6 2.340580058634771e-6 2.340580058634771e-6
6.4e-8 1.0991332661684463 1.09913225056855 1.0991339872086323 1.0991330874138217 2.3405199369483467e-6 2.3405199369483467e-6 2.3405199369483467e-6 2.3405199369483467e-6
6.900000000000001e-8 1.0990667830961034 1.099072371240742 1.0990684499025447 1.0990724341236324 2.340444811937641e-6 2.340444811937641e-6 2.340444811937641e-6 2.340444811937641e-6
7.3e-8 1.0990174523472134 1.0990155320244248 1.099012645191578 1.0990143070302898 2.340384733597389e-6 2.340384733597389e-6 2.340384733597389e-6 2.340384733597389e-6
7.9e-8 1.0989321953346731 1.0989386032891524 1.0989324545002763 1.0989305049454205 2.340294652182522e-6 2.340294652182522e-6 2.340294652182522e-6 2.340294652182522e-6
8.400000000000001e-8 1.098861285741073 1.098866405958243 1.0988663584899314 1.0988658847804111 2.3402196174075397e-6 2.3402196174075397e-6 2.3402196174075397e-6 2.3402196174075397e-6
9.000000000000001e-8 1.098784509374543 1.098789457981278 1.0987824318269896 1.0987868582626519 2.340129615339599e-6 2.340129615339599e-6 2.340129615339599e-6 2.340129615339599e-6
9.600000000000001e-8 1.0987036554221188 1.0987003392714345 1.0987048973237776 1.0986978666892386 2.3400396565144267e-6 2.3400396565144267e-6 2.3400396565144267e-6 2.3400396565144267e-6
1.0300000000000001e-7 1.0986087058035896 1.0986127297634263 1.0986108266131698 1.0986094740022503 2.339934759170613e-6 2.339934759170613e-6 2.339934759170613e-6 2.339934759170613e-6
1.1e-7 1.0985152145791428 1.0985160560868819 1.0985166634936552 1.0985149013517495 2.3398299206073e-6 2.3398299206073e-6 2.3398299206073e-6 2.3398299206073e-6
1.1800000000000001e-7 1.0984085574725737 1.098406923444909 1.0984066761549034 1.0984072604828288 2.339710177028871e-6 2.339710177028871e-6 2.339710177028871e-6 2.339710177028871e-6
1.2600000000000002e-7 1.0983003853352469 1.0983015499565454 1.098299649293655 1.0983005096602199 2.339590510108026e-6 2.339590510108026e-6 2.339590510108026e-6 2.339590510108026e-6
1.35e-7 1.0981848253418751 1.0981829692821674 1.0981805917760157 1.0981823488768752 2.3394559763742778e-6 2.3394559763742778e-6 2.3394559763742778e-6 2.3394559763742778e-6
1.4500000000000001e-7 1.0980435616700817 1.0980445230422722 1.0980438758695195 1.0980461906477685 2.3393066080362327e-6 2.3393066080362327e-6 2.3393066080362327e-6 2.3393066080362327e-6
1.55e-7 1.0979106060905268 1.0979093179601822 1.0979133611786256 1.0979090657667911 2.3391573591474633e-6 2.3391573591474633e-6 2.3391573591474633e-6 2.3391573591474633e-6
1.65e-7 1.0977812566587009 1.0977754675056535 1.0977752642047072 1.097780709544189 2.339008229586646e-6 2.339008229586646e-6 2.339008229586646e-6 2.339008229586646e-6
1.77e-7 1.0976210908339807 1.0976189096024327 1.097616201348887 1.097617530980709 2.3388294314559228e-6 2.3388294314559228e-6 2.3388294314559228e-6 2.3388294314559228e-6
1.89e-7 1.09745642259151 1.097463833549599 1.0974592689432547 1.0974592062032333 2.3386508047737362e-6 2.3386508047737362e-6 2.3386508047737362e-6 2.3386508047737362e-6
2.02e-7 1.0972858833120425 1.097282132826812 1.0972844808349826 1.0972897059885687 2.3384574857672937e-6 2.3384574857672937e-6 2.3384574857672937e-6 2.3384574857672937e-6
2.1700000000000002e-7 1.0970859140843037 1.0970818402576352 1.0970817180015657 1.097085412151611 2.338234674753121e-6 2.338234674753121e-6 2.338234674753121e-6 2.338234674753121e-6
2.32e-7 1.0968848898488346 1.0968845025246796 1.0968873362941223 1.096880930449208 2.3380121305406794e-6 2.3380121305406794e-6 2.3380121305406794e-6 2.3380121305406794e-6
2.48e-7 1.096672166085071 1.0966693711248825 1.0966724713949498 1.0966723647629033 2.3377750436643983e-6 2.3377750436643983e-6 2.3377750436643983e-6 2.3377750436643983e-6
2.65e-7 1.0964452682129218 1.0964454738909253 1.096448270127416 1.0964470796038632 2.3375234704139423e-6 2.3375234704139423e-6 2.3375234704139423e-6 2.3375234704139423e-6
2.8300000000000003e-7 1.0962091177731939 1.096206729528375 1.0962075252683614 1.0962091225603958 2.3372574704296004e-6 2.3372574704296004e-6 2.3372574704296004e-6 2.3372574704296004e-6
3.03e-7 1.0959483495543456 1.0959439698388382 1.095947836030446 1.0959474892456051 2.3369623624481315e-6 2.3369623624481315e-6 2.3369623624481315e-6 2.3369623624481315e-6
3.2400000000000004e-7 1.0956640802230018 1.09566561610629 1.0956648830618188 1.0956650276237174 2.3366530050901646e-6 2.3366530050901646e-6 2.3366530050901646e-6 2.3366530050901646e-6
3.47e-7 1.0953629048979976 1.095361803681729 1.0953643496454193 1.095364741682072 2.3363147786066043e-6 2.3363147786066043e-6 2.3363147786066043e-6 2.3363147786066043e-6
3.7100000000000003e-7 1.0950506874161792 1.0950473084711552 1.0950461705673535 1.0950500067818285 2.3359625066095934e-6 2.3359625066095934e-6 2.3359625066095934e-6 2.3359625066095934e-6
3.97e-7 1.0947085320345258 1.0947028679544304 1.0947065326033505 1.0947049489524139 2.3355816373570154e-6 2.3355816373570154e-6 2.3355816373570154e-6 2.3355816373570154e-6
4.2400000000000004e-7 1.0943509780211726 1.0943523145386622 1.0943537532867802 1.094351749135735 2.335186952314638e-6 2.335186952314638e-6 2.335186952314638e-6 2.335186952314638e-6
4.54e-7 1.0939552077852983 1.0939646048713094 1.0939583936298114 1.0939610923356171 2.3347494060270645e-6 2.3347494060270645e-6 2.3347494060270645e-6 2.3347494060270645e-6
4.85e-7 1.0935564505251878 1.0935543542048698 1.0935579223060443 1.0935560918594949 2.3342983693159235e-6 2.3342983693159235e-6 2.3342983693159235e-6 2.3342983693159235e-6
5.19e-7 1.0931145684963137 1.093110913911009 1.0931107383362422 1.0931090433731947 2.333804958863881e-6 2.333804958863881e-6 2.333804958863881e-6 2.333804958863881e-6
5.550000000000001e-7 1.0926444689993382 1.0926426125850874 1.0926445994370373 1.0926451240413289 2.333283973121011e-6 2.333283973121011e-6 2.333283973121011e-6 2.333283973121011e-6
5.930000000000001e-7 1.092153904430642 1.0921533457594925 1.092159219748804 1.0921554641298736 2.332735654562646e-6 2.332735654562646e-6 2.332735654562646e-6 2.332735654562646e-6
6.340000000000001e-7 1.091625617476087 1.091624220629674 1.09162394094517 1.0916271158272721 2.332145895930232e-6 2.332145895930232e-6 2.332145895930232e-6 2.332145895930232e-6
6.78e-7 1.0910599852586187 1.0910561024949625 1.0910592779654014 1.0910554455284722 2.3315151094747684e-6 2.3315151094747684e-6 2.3315151094747684e-6 2.3315151094747684e-6
7.26e-7 1.090442807375155 1.0904456551122246 1.0904453245491594 1.0904413954612335 2.3308294769103817e-6 2.3308294769103817e-6 2.3308294769103817e-6 2.3308294769103817e-6
7.760000000000001e-7 1.0898005900607382 1.0898055789463073 1.0898061335970044 1.0898047004743314 2.3301180349464855e-6 2.3301180349464855e-6 2.3301180349464855e-6 2.3301180349464855e-6
8.300000000000001e-7 1.0891198899870342 1.0891191389487245 1.0891203032898178 1.08911879953095 2.329352823127464e-6 2.329352823127464e-6 2.329352823127464e-6 2.329352823127464e-6
8.87e-7 1.0884013822964407 1.088396764700164 1.0884009475818495 1.0884001727610073 2.3285486240213728e-6 2.3285486240213728e-6 2.3285486240213728e-6 2.3285486240213728e-6
9.49e-7 1.0876160664828391 1.0876157268853643 1.087618866191234 1.0876200333708756 2.327677967096278e-6 2.327677967096278e-6 2.327677967096278e-6 2.327677967096278e-6
1.015e-6 1.0867920785697023 1.0867872995832093 1.0867932385550454 1.0867884164808974 2.326755788104447e-6 2.326755788104447e-6 2.326755788104447e-6 2.326755788104447e-6
1.085e-6 1.0859214267025254 1.0859198751398873 1.0859202382943849 1.0859168564058572 2.3257829238312047e-6 2.3257829238312047e-6 2.3257829238312047e-6 2.3257829238312047e-6
1.1600000000000001e-6 1.0849875281283616 1.0849879720782825 1.084987369423425 1.0849860703905676 2.324746472085214e-6 2.324746472085214e-6 2.324746472085214e-6 2.324746472085214e-6
1.241e-6 1.0839917484856656 1.0839933744148451 1.0839892564906066 1.0839915210842332 2.3236339106754453e-6 2.3236339106754453e-6 2.3236339106754453e-6 2.3236339106754453e-6
1.3270000000000002e-6 1.082939591695528 1.0829318898926696 1.0829379552632625 1.0829330686911043 2.322460345803498e-6 2.322460345803498e-6 2.322460345803498e-6 2.322460345803498e-6
1.419e-6 1.0818174200299162 1.0818180464173814 1.081819587630788 1.0818216829945597 2.3212135772405153e-6 2.3212135772405153e-6 2.3212135772405153e-6 2.3212135772405153e-6
1.517e-6 1.0806397588689105 1.0806364728977815 1.0806419437137778 1.0806353984270234 3.280827350600389e-6 3.280827350600389e-6 3.280827350600389e-6 3.280827350600389e-6
1.622e-6 1.0793762407080012 1.0793777814262646 1.079380995865977 1.0793809473500966 3.278845469244889e-6 3.278845469244889e-6 3.278845469244889e-6 3.278845469244889e-6
1.7350000000000001e-6 1.078041371404247 1.0780399606308666 1.0780410843218122 1.0780402974922083 3.276730493159844e-6 3.276730493159844e-6 3.276730493159844e-6 3.276730493159844e-6
1.855e-6 1.0766273345446873 1.0766226491021678 1.076627787783588 1.076628504722007 3.274504593513623e-6 3.274504593513623e-6 3.274504593513623e-6 3.274504593513623e-6
1.984e-6 1.075120329017415 1.0751295841183897 1.0751210703241607 1.0751239209410683 3.2721345538185094e-6 3.2721345538185094e-6 3.2721345538185094e-6 3.2721345538185094e-6
2.121e-6 1.0735402371503757 1.0735383246696903 1.0735443551712804 1.073542557280517 3.269643069896695e-6 3.269643069896695e-6 3.269643069896695e-6 3.269643069896695e-6
2.268e-6 1.0718666103666508 1.0718689833124386 1.0718701322764363 1.0718654636305132 3.2669985738677438e-6 3.2669985738677438e-6 3.2669985738677438e-6 3.2669985738677438e-6
2.425e-6 1.0700952313563266 1.0701004740499862 1.0701052730425413 1.0700964173273737 3.2642066733633064e-6 3.2642066733633064e-6 3.2642066733633064e-6 3.2642066733633064e-6
2.593e-6 1.0682260951306264 1.0682288661221868 1.0682286599943847 1.0682273747347903 3.9942062500164725e-6 3.9942062500164725e-6 3.9942062500164725e-6 3.9942062500164725e-6
2.773e-6 1.0662525935927514 1.0662450836929982 1.0662445531933826 1.0662453164610186 3.990384502439961e-6 3.990384502439961e-6 3.990384502439961e-6 3.990384502439961e-6
2.965e-6 1.0641665128808275 1.0641602428661376 1.0641673365317177 1.0641660304247893 3.986364556462191e-6 3.986364556462191e-6 3.986364556462191e-6 3.986364556462191e-6
3.1710000000000002e-6 1.0619616492560995 1.0619667107138733 1.0619662657284616 1.061959437403316 3.9821151909940234e-6 3.9821151909940234e-6 3.9821151909940234e-6 3.9821151909940234e-6
3.3910000000000002e-6 1.0596420423006798 1.0596451065943397 1.0596564917548634 1.0596529335641494 3.977648351116083e-6 3.977648351116083e-6 3.977648351116083e-6 3.977648351116083e-6
3.626e-6 1.0572215137951975 1.0572238485874086 1.0572219466473196 1.0572212546419997 4.587575044116673e-6 4.587575044116673e-6 4.587575044116673e-6 4.587575044116673e-6
3.877e-6 1.0546748811501407 1.0546817749287418 1.0546724954204447 1.054671545854141 4.581890903833053e-6 4.581890903833053e-6 4.581890903833053e-6 4.581890903833053e-6
4.146000000000001e-6 1.052001452791959 1.0519899843449318 1.0519928091308237 1.0519876918865496 4.575913580129922e-6 4.575913580129922e-6 4.575913580129922e-6 4.575913580129922e-6
4.433000000000001e-6 1.049197610339463 1.0491854319939775 1.049196349659463 1.0491848622239208 4.56966335055344e-6 4.56966335055344e-6 4.56966335055344e-6 4.56966335055344e-6
4.74e-6 1.046256480067213 1.046258586692957 1.0462558972757257 1.0462573865860754 5.101721719065334e-6 5.101721719065334e-6 5.101721719065334e-6 5.101721719065334e-6
5.069e-6 1.0431814334410952 1.0431740285845048 1.0431767753645305 1.0431821277321571 5.0940555810013025e-6 5.0940555810013025e-6 5.0940555810013025e-6 5.0940555810013025e-6
5.420000000000001e-6 1.039982596746113 1.0399837700857892 1.0399716701263328 1.039975721952242 5.086070431015385e-6 5.086070431015385e-6 5.086070431015385e-6 5.086070431015385e-6
5.795e-6 1.0366355678302135 1.0366361991053583 1.0366401364583666 1.036643211310675 5.5623991410139824e-6 5.5623991410139824e-6 5.5623991410139824e-6 5.5623991410139824e-6
6.197e-6 1.033156830768633 1.0331578775466714 1.033158030538438 1.0331556020422288 5.552889231604689e-6 5.552889231604689e-6 5.552889231604689e-6 5.552889231604689e-6
6.626000000000001e-6 1.0295445546356994 1.0295386880905122 1.0295430307569846 1.0295341513556446 5.987149605681103e-6 5.987149605681103e-6 5.987149605681103e-6 5.987149605681103e-6
7.0860000000000004e-6 1.0257893865349679 1.025785952408142 1.0257735213427897 1.025797672093679 5.976058981670953e-6 5.976058981670953e-6 5.976058981670953e-6 5.976058981670953e-6
7.5770000000000005e-6 1.021904394849878 1.021892553439461 1.0218876954258211 1.021898587061759 6.376411724694433e-6 6.376411724694433e-6 6.376411724694433e-6 6.376411724694433e-6
8.102e-6 1.0178696712721054 1.0178775920708922 1.017877000261954 1.0178714459894405 6.363724040772246e-6 6.363724040772246e-6 6.363724040772246e-6 6.363724040772246e-6
8.663e-6 1.0137294223637932 1.0137221874769526 1.0137212190043063 1.0137164423629323 6.735857839533667e-6 6.735857839533667e-6 6.735857839533667e-6 6.735857839533667e-6
9.263000000000001e-6 1.0094302659181404 1.0094359124143681 1.009430271601043 1.0094234536788325 6.721530439926297e-6 6.721530439926297e-6 6.721530439926297e-6 6.721530439926297e-6
9.905000000000001e-6 1.005012988327762 1.0050427540416265 1.005025327421645 1.0050187234056591 7.069557012378096e-6 7.069557012378096e-6 7.069557012378096e-6 7.069557012378096e-6
1.0592000000000001e-5 1.000499421387668 1.0004953195451658 1.0004824151308458 1.0004915756967927 7.397830362596988e-6 7.397830362596988e-6 7.397830362596988e-6 7.397830362596988e-6
1.1326000000000001e-5 0.9958340588824511 0.9958461320257781 0.995827083321818 0.9958404745271634 7.380621960019566e-6 7.380621960019566e-6 7.380621960019566e-6 7.380621960019566e-6
1.2110000000000001e-5 0.9910752395153059 0.9910812443064382 0.9910658453663401 0.9910724096132971 7.690412259040859e-6 7.690412259040859e-6 7.690412259040859e-6 7.690412259040859e-6
1.2949000000000001e-5 0.9862003555485757 0.9861988711035072 0.9862032476614571 0.9861874091782736 7.98482878839103e-6 7.98482878839103e-6 7.98482878839103e-6 7.98482878839103e-6
1.3847000000000001e-5 0.9811892201038652 0.9812098672710621 0.9812092112740095 0.9812085787886355 8.265439859484383e-6 8.265439859484383e-6 8.265439859484383e-6 8.265439859484383e-6
1.4806e-5 0.9761256674714504 0.9761164380039347 0.9761349254162646 0.9761167579484485 8.533589756165129e-6 8.533589756165129e-6 8.533589756165129e-6 8.533589756165129e-6
1.5832e-5 0.9709265702186125 0.9709156221625103 0.9709325757251284 0.970932474033413 8.790325061376517e-6 8.790325061376517e-6 8.790325061376517e-6 8.790325061376517e-6
1.6929e-5 0.9656566847126995 0.9656625496018889 0.9656625677569849 0.9656780014236621 9.036575097641546e-6 9.036575097641546e-6 9.036575097641546e-6 9.036575097641546e-6
1.8102e-5 0.9602736143443468 0.9602837858283917 0.9602863902359741 0.9602819386263627 9.27311648064795e-6 9.27311648064795e-6 9.27311648064795e-6 9.27311648064795e-6
1.9356000000000002e-5 0.954790246533482 0.9548031461897624 0.9548021169770158 0.9547900838425353 9.500618991514702e-6 9.500618991514702e-6 9.500618991514702e-6 9.500618991514702e-6
2.0698e-5 0.9492191507938919 0.9492251757767668 0.949240765058462 0.9492361580864521 9.959648905334117e-6 9.959648905334117e-6 9.959648905334117e-6 9.959648905334117e-6
2.2132e-5 0.9435450369809716 0.9435432247717609 0.9435424904637775 0.9435399998172602 1.0164345335930482e-5 1.0164345335930482e-5 1.0164345335930482e-5 1.0164345335930482e-5
2.3665e-5 0.937769816670907 0.9377554512073748 0.9377685152955049 0.937774257601642 1.0584725580624747e-5 1.0584725580624747e-5 1.0584725580624747e-5 1.0584725580624747e-5
2.5305000000000003e-5 0.9318612723501101 0.9318580281065116 0.9318750352130533 0.9318810981432486 1.0770082721668855e-5 1.0770082721668855e-5 1.0770082721668855e-5 1.0770082721668855e-5
2.7058e-5 0.9258275427510262 0.9258530066202036 0.9258340945774866 0.925809402880716 1.1157669295378653e-5 1.1157669295378653e-5 1.1157669295378653e-5 1.1157669295378653e-5
2.8933000000000002e-5 0.9196766904168374 0.9196508011129211 0.9196762859900922 0.9196620869593063 1.1526474201168427e-5 1.1526474201168427e-5 1.1526474201168427e-5 1.1526474201168427e-5
3.0938e-5 0.9133456527728135 0.9133252103583364 0.9133416051877861 0.9133175579723031 1.1878017268910023e-5 1.1878017268910023e-5 1.1878017268910023e-5 1.1878017268910023e-5
3.3081000000000004e-5 0.9068458699477127 0.9068360860934414 0.9068425564396009 0.9068317003670756 1.2213542756736849e-5 1.2213542756736849e-5 1.2213542756736849e-5 1.2213542756736849e-5
3.5373e-5 0.9001488587830612 0.900129091631599 0.900139190307288 0.9001401125140518 1.2534017930572963e-5 1.2534017930572963e-5 1.2534017930572963e-5 1.2534017930572963e-5
3.7824e-5 0.8932150863471304 0.8932078674295477 0.8932158240280627 0.8932258043150269 1.3012612899308284e-5 1.3012612899308284e-5 1.3012612899308284e-5 1.3012612899308284e-5
4.0445e-5 0.8860816222846866 0.886056075555229 0.8860662880634559 0.8860642401270499 1.3300200566146605e-5 1.3300200566146605e-5 1.3300200566146605e-5 1.3300200566146605e-5
4.3247e-5 0.878659388717698 0.8786579562976222 0.8786610346267455 0.8786445775579143 1.3735719197783996e-5 1.3735719197783996e-5 1.3735719197783996e-5 1.3735719197783996e-5
4.6244e-5 0.8709561886153433 0.8709370792628109 0.8709322310465123 0.8709177829869768 1.4148536978748175e-5 1.4148536978748175e-5 1.4148536978748175e-5 1.4148536978748175e-5
4.9448000000000005e-5 0.8629152658870879 0.8629327128038519 0.862937159130558 0.8629382924299867 1.4540094218015056e-5 1.4540094218015056e-5 1.4540094218015056e-5 1.4540094218015056e-5
5.2874e-5 0.854593079191121 0.8546010533336079 0.8545853272823405 0.8546068321852099 1.5054221266656991e-5 1.5054221266656991e-5 1.5054221266656991e-5 1.5054221266656991e-5
5.6537000000000004e-5 0.8459220314586262 0.8459126825224729 0.8459015538739458 0.8458926646248309 1.5538813201102816e-5 1.5538813201102816e-5 1.5538813201102816e-5 1.5538813201102816e-5
6.0455e-5 0.8368268405522334 0.8368458790788568 0.8368417027775201 0.836819511568051 1.5864210154120132e-5 1.5864210154120132e-5 1.5864210154120132e-5 1.5864210154120132e-5
6.4643e-5 0.8274067144588767 0.8273868126837643 0.8273791990373767 0.827388440099299 1.6427079493479077e-5 1.6427079493479077e-5 1.6427079493479077e-5 1.6427079493479077e-5
6.9122e-5 0.8175347707290294 0.8175116954746388 0.8175149323473461 0.8175229559174484 1.6833771440324625e-5 1.6833771440324625e-5 1.6833771440324625e-5 1.6833771440324625e-5
7.3911e-5 0.8072759900631512 0.8072765755706889 0.8072551025824839 0.80729301359007 1.7334624133043567e-5 1.7334624133043567e-5 1.7334624133043567e-5 1.7334624133043567e-5
7.9032e-5 0.7966088935857375 0.7966124124781759 0.7966233931482638 0.7965959335897854 1.7804839847170444e-5 1.7804839847170444e-5 1.7804839847170444e-5 1.7804839847170444e-5
8.450800000000001e-5 0.7854873399145904 0.7855102984648697 0.7854760993522872 0.7855044963425799 1.8354423952331345e-5 1.8354423952331345e-5 1.8354423952331345e-5 1.8354423952331345e-5
9.0363e-5 0.7739815501271491 0.7739722662758485 0.7739500906092341 0.7739756937523067 1.876452084381843e-5 1.876452084381843e-5 1.876452084381843e-5 1.876452084381843e-5
9.6624e-5 0.7620225866312027 0.761969702259485 0.7620256726050042 0.7620041474981117 1.9349173537521562e-5 1.9349173537521562e-5 1.9349173537521562e-5 1.9349173537521562e-5
0.000103319 0.7495888873506551 0.7495981463480114 0.7496152283940735 0.7495903620764923 1.9798353362881784e-5 1.9798353362881784e-5 1.9798353362881784e-5 1.9798353362881784e-5
0.00011047800000000001 0.7367833967813129 0.736788940651888 0.7367772172896554 0.7367671579413199 2.0310142975678328e-5 2.0310142975678328e-5 2.0310142975678328e-5 2.0310142975678328e-5
0.00011813200000000001 0.7235087617917978 0.7236054880213936 0.723526009437632 0.7235624116177598 2.0875448207206846e-5 2.0875448207206846e-5 2.0875448207206846e-5 2.0875448207206846e-5
0.000126317 0.7098698794624487 0.7099076874931427 0.709881687734114 0.7099208255866095 2.1400766049506562e-5 2.1400766049506562e-5 2.1400766049506562e-5 2.1400766049506562e-5
0.000135069 0.6958681406951963 0.6958953392393671 0.6958899113488661 0.6958514500820125 2.1970097279404667e-5 2.1970097279404667e-5 2.1970097279404667e-5 2.1970097279404667e-5
0.000144427 0.6814616396484579 0.6814448314708255 0.6814882605785362 0.6814362928772598 2.249781532945181e-5 2.249781532945181e-5 2.249781532945181e-5 2.249781532945181e-5
0.000154434 0.6666831414027625 0.6666846922668961 0.6666843228930284 0.6666990725011588 2.3061509901329888e-5 2.3061509901329888e-5 2.3061509901329888e-5 2.3061509901329888e-5
0.00016513400000000002 0.6515810143548231 0.6516018934930693 0.6515320735830495 0.6515768748596661 2.3654547371347478e-5 2.3654547371347478e-5 2.3654547371347478e-5 2.3654547371347478e-5
0.00017657500000000002 0.6361658344877097 0.636126856430166 0.6361778142930994 0.636161747869563 2.4270834315020367e-5 2.4270834315020367e-5 2.4270834315020367e-5 2.4270834315020367e-5
0.00018881 0.6204635164289486 0.6204741175912554 0.6204221549621519 0.6204494466490957 2.4839207917737346e-5 2.4839207917737346e-5 2.4839207917737346e-5 2.4839207917737346e-5
0.00020189100000000002 0.6044684396213417 0.6044868810562257 0.6044823619469565 0.6045127074053867 2.5426126875323212e-5 2.5426126875323212e-5 2.5426126875323212e-5 2.5426126875323212e-5
0.000215879 0.5882764511901597 0.5882650852619706 0.588260228756117 0.5882597877150679 2.602690501456754e-5 2.602690501456754e-5 2.602690501456754e-5 2.602690501456754e-5
0.000230837 0.5718268897960418 0.5718646369929319 0.5718996337773469 0.5718834784075737 2.6637422699792323e-5 2.6637422699792323e-5 2.6637422699792323e-5 2.6637422699792323e-5
0.00024683 0.5552962578140228 0.5553100509767346 0.555307272747979 0.5553044517326386 2.725411377789506e-5 2.725411377789506e-5 2.725411377789506e-5 2.725411377789506e-5
0.00026393200000000003 0.5385883687753823 0.5385992131526353 0.5385956331344255 0.5385947173929356 2.787382263685752e-5 2.787382263685752e-5 2.787382263685752e-5 2.787382263685752e-5
0.000282219 0.5218219139352845 0.5218257523881012 0.5218510107356843 0.5217477044577504 2.8493908768980423e-5 2.8493908768980423e-5 2.8493908768980423e-5 2.8493908768980423e-5
0.000301772 0.5049599916835803 0.5049483373348806 0.5049550520626788 0.5049840447898615 2.9160485037379346e-5 2.9160485037379346e-5 2.9160485037379346e-5 2.9160485037379346e-5
0.000322681 0.4880635097906595 0.48807420572746674 0.48800168264459937 0.48806777751417046 2.9819195843545977e-5 2.9819195843545977e-5 2.9819195843545977e-5 2.9819195843545977e-5
0.00034503800000000004 0.4712033535633829 0.47119669121640717 0.47118292711368176 0.47118746362030917 3.046894346949189e-5 3.046894346949189e-5 3.046894346949189e-5 3.046894346949189e-5
0.000368944 0.45438158483565794 0.4544551388980703 0.4543463914176429 0.4544186189286887 3.115114440742234e-5 3.115114440742234e-5 3.115114440742234e-5 3.115114440742234e-5
0.00039450600000000003 0.4377354653265458 0.4376626381959881 0.43770733033338133 0.43775217254919485 3.185977464760758e-5 3.185977464760758e-5 3.185977464760758e-5 3.185977464760758e-5
0.00042184000000000004 0.42111543094969883 0.4211286340028081 0.42113340860137427 0.421125865189006 3.255101819057098e-5 3.255101819057098e-5 3.255101819057098e-5 3.255101819057098e-5
0.00045106700000000004 0.40473367356299783 0.4046682910204387 0.4046916126755679 0.4047029539623449 3.3262349938476784e-5 3.3262349938476784e-5 3.3262349938476784e-5 3.3262349938476784e-5
0.00048232 0.3885438430423118 0.38850189105750593 0.38859980008025036 0.38846093037827484 3.3989694981658325e-5 3.3989694981658325e-5 3.3989694981658325e-5 3.3989694981658325e-5
0.000515737 0.37252613243852406 0.37258715438239515 0.37252355476963367 0.3724762540551558 3.476336489855466e-5 3.476336489855466e-5 3.476336489855466e-5 3.476336489855466e-5
0.0005514700000000001 0.3568421568274145 0.35678566944175183 0.356791101020029 0.3567835164693058 3.551163127437957e-5 3.551163127437957e-5 3.551163127437957e-5 3.551163127437957e-5
0.0005896790000000001 0.34138304874448355 0.3414250530605906 0.34146351021333116 0.34140489043790323 3.6329052442811985e-5 3.6329052442811985e-5 3.6329052442811985e-5 3.6329052442811985e-5
0.000630535 0.32622030665874413 0.3262324868634978 0.32623427833823354 0.32629388362687295 3.71468316320932e-5 3.71468316320932e-5 3.71468316320932e-5 3.71468316320932e-5
0.000674222 0.31153187704312113 0.3115176844257588 0.31151149010040996 0.3115340115698908 3.796398319074081e-5 3.796398319074081e-5 3.796398319074081e-5 3.796398319074081e-5
0.000720936 0.2970472319298954 0.2971008216205388 0.2970336185238526 0.29705087394498086 3.883375761185877e-5 3.883375761185877e-5 3.883375761185877e-5 3.883375761185877e-5
0.000770886 0.2830934660343302 0.2831098311999921 0.2830376111642492 0.28299195750939043 3.972310889499351e-5 3.972310889499351e-5 3.972310889499351e-5 3.972310889499351e-5
0.0008242970000000001 0.2694066038007089 0.26939291708799845 0.26938929064956874 0.26939143176559355 4.062903881191996e-5 4.062903881191996e-5 4.062903881191996e-5 4.062903881191996e-5
0.0008814090000000001 0.256216385062598 0.2561428804894629 0.2561227522072632 0.25618369687001014 4.157269827665596e-5 4.157269827665596e-5 4.157269827665596e-5 4.157269827665596e-5
0.000942477 0.2433546571140688 0.2432876443095418 0.24337527778030807 0.24334788512303904 4.254912804405079e-5 4.254912804405079e-5 4.254912804405079e-5 4.254912804405079e-5
0.001007777 0.2309112548789613 0.2309582959710828 0.23099414854718645 0.23095743062097907 4.3575697498936005e-5 4.3575697498936005e-5 4.3575697498936005e-5 4.3575697498936005e-5
0.001077601 0.21899911715891596 0.21904372330066868 0.2190087758734701 0.218958255161987 4.46253890969631e-5 4.46253890969631e-5 4.46253890969631e-5 4.46253890969631e-5
0.0011522630000000002 0.20752440983590528 0.20743264556895838 0.2075448082610045 0.20745526574088202 4.569535300038968e-5 4.569535300038968e-5 4.569535300038968e-5 4.569535300038968e-5
0.001232098 0.19644320070880128 0.19636925636348643 0.19637150622436886 0.19643604968874204 4.682126590502549e-5 4.682126590502549e-5 4.682126590502549e-5 4.682126590502549e-5
0.0013174640000000002 0.1857326286752419 0.1856951332641742 0.18572055948984947 0.18560245361432226 4.797831950639253e-5 4.797831950639253e-5 4.797831950639253e-5 4.797831950639253e-5
0.001408745 0.1755036553261973 0.1755342354993089 0.1754888190141055 0.17547716158770368 4.9197957849305314e-5 4.9197957849305314e-5 4.9197957849305314e-5 4.9197957849305314e-5
0.00150635 0.16571916028202752 0.16576068722215906 0.165732941119094 0.16568702678507202 5.043949197611871e-5 5.043949197611871e-5 5.043949197611871e-5 5.043949197611871e-5
0.0016107180000000001 0.1563917715562847 0.15626186044809043 0.1562691978084102 0.15633432219612775 5.174891144247772e-5 5.174891144247772e-5 5.174891144247772e-5 5.174891144247772e-5
0.0017223160000000002 0.14735351314739373 0.1473316075204763 0.14738724784428572 0.14738616702171625 5.308779438495483e-5 5.308779438495483e-5 5.308779438495483e-5 5.308779438495483e-5
0.0018416480000000002 0.13881406023365433 0.138790838982598 0.13878326012520226 0.13885106207129697 5.449756778496786e-5 5.449756778496786e-5 5.449756778496786e-5 5.449756778496786e-5
0.001969246 0.13064636748042793 0.13065294795938512 0.13061289345681246 0.13076089037344205 5.594208491960847e-5 5.594208491960847e-5 5.594208491960847e-5 5.594208491960847e-5
0.0021056860000000003 0.12299704773507875 0.12287619800291703 0.12296987380529711 0.12300839937253512 5.745883243633541e-5 5.745883243633541e-5 5.745883243633541e-5 5.745883243633541e-5
0.002251579 0.11551825982117908 0.11563819358360802 0.11556093743490528 0.11550728708666 5.90269958644398e-5 5.90269958644398e-5 5.90269958644398e-5 5.90269958644398e-5
0.0024075800000000003 0.10856836886092909 0.10843353397367839 0.10841461170137222 0.10852551840461606 6.0653924561247905e-5 6.0653924561247905e-5 6.0653924561247905e-5 6.0653924561247905e-5
0.00257439 0.10185484231919088 0.10189095254299986 0.10180753580980235 0.10182384236759652 6.233361161312286e-5 6.233361161312286e-5 6.233361161312286e-5 6.233361161312286e-5
0.002752757 0.09558254759810893 0.09563025001428521 0.09553284068573875 0.09553433596315666 6.40957486784734e-5 6.40957486784734e-5 6.40957486784734e-5 6.40957486784734e-5
0.0029434820000000003 0.0895978932856491 0.08959348203703311 0.08954243378126339 0.08965449698215099 6.590940079137053e-5 6.590940079137053e-5 6.590940079137053e-5 6.590940079137053e-5
0.003147422 0.08396035446204174 0.08401256376509596 0.08396664639369456 0.08387590874298598 6.780188268894865e-5 6.780188268894865e-5 6.780188268894865e-5 6.780188268894865e-5
0.0033654920000000003 0.07854316273843465 0.07850396774423432 0.07860286146740338 0.07868828245179531 6.976521542279102e-5 6.976521542279102e-5 6.976521542279102e-5 6.976521542279102e-5
0.0035986710000000003 0.07348971975984579 0.07352992454731612 0.07339719537477613 0.07352011614082349 7.181230925608334e-5 7.181230925608334e-5 7.181230925608334e-5 7.181230925608334e-5
0.0038480050000000003 0.06874880955756203 0.06878796424566205 0.06884542136358358 0.06879195635874319 7.392513889929187e-5 7.392513889929187e-5 7.392513889929187e-5 7.392513889929187e-5
0.004114615 0.06415210597698923 0.06435298154312746 0.06436181781552786 0.06415655979887046 7.6125069054287e-5 7.6125069054287e-5 7.6125069054287e-5 7.6125069054287e-5
0.004399697 0.06011906715826648 0.06019584929922667 0.06004135598283024 0.06006746394013799 7.840345071769667e-5 7.840345071769667e-5 7.840345071769667e-5 7.840345071769667e-5
0.0047045310000000005 0.05619065948784518 0.05601289110125756 0.05613001705246736 0.056105824213451956 8.0769788363082e-5 8.0769788363082e-5 8.0769788363082e-5 8.0769788363082e-5
0.005030485 0.052287262137022866 0.05224014700479213 0.052223238582207454 0.05225595509446955 8.321545108544503e-5 8.321545108544503e-5 8.321545108544503e-5 8.321545108544503e-5
0.005379023 0.04881460889256375 0.048841072545400474 0.048783176208558016 0.04869757519326672 8.57646816679286e-5 8.57646816679286e-5 8.57646816679286e-5 8.57646816679286e-5
0.00575171 0.04542671280042251 0.04554750801293655 0.045236205782969025 0.0452923588391485 8.840729609025219e-5 8.840729609025219e-5 8.840729609025219e-5 8.840729609025219e-5
0.006150218000000001 0.04230868177987089 0.042369451701625795 0.04250108292647725 0.04213946529359951 9.114163604368548e-5 9.114163604368548e-5 9.114163604368548e-5 9.114163604368548e-5
0.006576337000000001 0.039424614231601166 0.039375913621368656 0.03939071593686816 0.03938780863311988 9.398030194326803e-5 9.398030194326803e-5 9.398030194326803e-5 9.398030194326803e-5
0.00703198 0.036388613073229596 0.03644750083639626 0.0365494781192856 0.03648543798041263 9.69269692722678e-5 9.69269692722678e-5 9.69269692722678e-5 9.69269692722678e-5
0.007519191000000001 0.03424685539955358 0.033894178441145305 0.03399846358252301 0.034105256558343726 9.9977830853654e-5 9.9977830853654e-5 9.9977830853654e-5 9.9977830853654e-5
0.008040160000000001 0.03163058519361948 0.031542625948482124 0.031500909001582554 0.031613753029778445 0.00010314211431951694 0.00010314211431951694 0.00010314211431951694 0.00010314211431951694
0.008597224 0.02936791422652425 0.029228311613674795 0.02944980602242767 0.029366193507150643 0.00010642127504672384 0.00010642127504672384 0.00010642127504672384 0.00010642127504672384
0.009192884 0.027131295174099998 0.02717820926329916 0.027098867115282047 0.027171227447887844 0.00010982219934374723 0.00010982219934374723 0.00010982219934374723 0.00010982219934374723
0.009829815 0.02518325290368884 0.02507094796114482 0.025259150111153303 0.02527980713417827 0.00011334471459088037 0.00011334471459088037 0.00011334471459088037 0.00011334471459088037
0.010510875000000001 0.023397798710295497 0.02331406938463195 0.023374403418184145 0.02322490149213631 0.00011699387203136912 0.00011699387203136912 0.00011699387203136912 0.00011699387203136912
0.011239123 0.021764786128107987 0.021694115860403082 0.021715631318275166 0.02155643606962007 0.00012077367193358148 0.00012077367193358148 0.00012077367193358148 0.00012077367193358148
0.012017828000000001 0.02021060365530255 0.020125336633813818 0.019975127858041373 0.020237918308342775 0.00012469238136494888 0.00012469238136494888 0.00012469238136494888 0.00012469238136494888
0.012850485 0.018606639314003474 0.01841648673319585 0.01847906888224079 0.018346284498274325 0.00012874673076360713 0.00012874673076360713 0.00012874673076360713 0.00012874673076360713
0.013740834 0.016901911891026477 0.01703484602083904 0.017232735208744035 0.017232633095930663 0.00013295282970288011 0.00013295282970288011 0.00013295282970288011 0.00013295282970288011
0.01469287 0.015668506571320646 0.015832967947982834 0.015624351254132742 0.01578123395947509 0.00013730551252035675 0.00013730551252035675 0.00013730551252035675 0.00013730551252035675
0.015710868 0.014788426774643457 0.01483142459836566 0.014569588947543285 0.014676831540855868 0.00014181338573323086 0.00014181338573323086 0.00014181338573323086 0.00014181338573323086
0.016799398 0.013617914092247252 0.013422272769898044 0.013493585019680258 0.013444324730866897 0.00014647910308932693 0.00014647910308932693 0.00014647910308932693 0.00014647910308932693
0.017963347 0.01257613194921631 0.012340177490100404 0.012427724964661985 0.01225649370687913 0.00015131292102207663 0.00015131292102207663 0.00015131292102207663 0.00015131292102207663
0.019207941000000003 0.011089101252022789 0.011362245836291205 0.011430208578872511 0.011434956299584265 0.0001563191772608789 0.0001563191772608789 0.0001563191772608789 0.0001563191772608789
0.020538767000000003 0.010389826715106139 0.010879216215040512 0.010611124719609047 0.010588981669262792 0.0001615011152401555 0.0001615011152401555 0.0001615011152401555 0.0001615011152401555
0.021961799 0.009919182822806015 0.00975124197643491 0.00958569668697758 0.009486626081763828 0.00016686482213705892 0.00016686482213705892 0.00016686482213705892 0.00016686482213705892
0.023483426 0.008772609933230641 0.009127631802850434 0.008748070727703757 0.008929516075031247 0.00017241504580402695 0.00017241504580402695 0.00017241504580402695 0.00017241504580402695
0.025110479 0.008154660052217938 0.008227821307041422 0.008098675210570257 0.00804960508382255 0.00017816245266489165 0.00017816245266489165 0.00017816245266489165 0.00017816245266489165
0.026850263000000003 0.007759815015839344 0.0074706459268809745 0.007552682918336353 0.007533848096096459 0.00018411230053531766 0.00018411230053531766 0.00018411230053531766 0.00018411230053531766
0.028710588000000002 0.006727305539139085 0.006777002155116345 0.006901929608153711 0.006954781960781953 0.00019027186126930777 0.00019027186126930777 0.00019027186126930777 0.00019027186126930777
0.030699806000000003 0.006633647731713112 0.006310429387113563 0.006587302744304678 0.0061665853213219565 0.00019664362400187964 0.00019664362400187964 0.00019664362400187964 0.00019664362400187964
0.032826848 0.005797968074823132 0.0056298418703950494 0.005589780991042318 0.005844217492583329 0.00020323840179071328 0.00020323840179071328 0.00020323840179071328 0.00020323840179071328
0.035101262 0.005544691586791939 0.005281745417024336 0.005269761672346774 0.0051767249212717635 0.00021006194936371546 0.00021006194936371546 0.00021006194936371546 0.00021006194936371546
0.037533259 0.005011472074260862 0.004862935816706662 0.004907049887651015 0.004936775424446477 0.00021712437246638569 0.00021712437246638569 0.00021712437246638569 0.00021712437246638569
0.040133757 0.004462567561680274 0.0045164669006970744 0.004152690685919352 0.004088356768504622 0.00022443375305081158 0.00022443375305081158 0.00022443375305081158 0.00022443375305081158
0.042914432 0.00444099000437334 0.004013052521861935 0.0038414522868692805 0.0040605690634801595 0.00023199367925319191 0.00023199367925319191 0.00023199367925319191 0.00023199367925319191
0.045887766 0.0038303190916853178 0.0038178995850715242 0.003608881074407942 0.0036222252116010845 0.0002398195888798623 0.0002398195888798623 0.0002398195888798623 0.0002398195888798623
0.049067108000000005 0.002986861160122935 0.0035852406049669537 0.003170962257602721 0.003681493928930695 0.00024791403032914703 0.00024791403032914703 0.00024791403032914703 0.00024791403032914703
0.052466731 0.0036117067190524106 0.0029628044493711743 0.0032387629179716423 0.003036597730451972 0.0002562906247491336 0.0002562906247491336 0.0002562906247491336 0.0002562906247491336
0.056101897000000005 0.0027434740697409063 0.002825553839436661 0.0029963053061273417 0.003198879486380609 0.00026495567717849995 0.00026495567717849995 0.00026495567717849995 0.00026495567717849995
0.059988927000000004 0.002895774019074529 0.0024416692997545893 0.002615917065806816 0.0027184644617003306 0.00027392066574086167 0.00027392066574086167 0.00027392066574086167 0.00027392066574086167
0.064145271 0.002115673625624208 0.0026544341847614967 0.0021607071891691773 0.002886375363149224 0.000283194701159759 0.000283194701159759 0.000283194701159759 0.000283194701159759
0.06858958700000001 0.002415859388434749 0.002242562107329172 0.002115150761765471 0.0022398125993401113 0.000292791206493758 0.000292791206493758 0.000292791206493758 0.000292791206493758
0.073341828 0.001991527059636001 0.0021070753411038118 0.0019715354075868614 0.0022047884399744016 0.0003027167951783561 0.0003027167951783561 0.0003027167951783561 0.0003027167951783561
0.07842333 0.0016186957016447502 0.002040713347993944 0.0022798451021819846 0.0025812756585809264 0.00031298423486585017 0.00031298423486585017 0.00031298423486585017 0.00031298423486585017
0.08385690400000001 0.0017048076051007215 0.0018364293847150744 0.0018145565933465814 0.0015029613656767269 0.0003236075090952328 0.0003236075090952328 0.0003236075090952328 0.0003236075090952328
0.08966694400000001 0.0011026787450679556 0.0017856358298634968 0.0019045113358657768 0.0011920272831310392 0.0003345958929372166 0.0003345958929372166 0.0003345958929372166 0.0003345958929372166
0.095879534 0.0013443317981178902 0.0019193839061072762 0.0011897363789427334 0.0009301112260001078 0.00034596361237382273 0.00034596361237382273 0.00034596361237382273 0.00034596361237382273
0.10252256400000001 0.0009620986300449533 0.0014405890192381412 0.0009664061009546261 0.000679325118433552 0.00035772196061176567 0.00035772196061176567 0.00035772196061176567 0.00035772196061176567
0.109625858 0.0019167388067275232 0.0012805154285177936 0.0012512037483580418 0.0011978848365379205 0.0003698847035848738 0.0003698847035848738 0.0003698847035848738 0.0003698847035848738
0.11722130500000001 0.0010878776544455478 0.0009724059462245278 0.0012385496662321912 0.0011909086725016714 0.00038246593335900246 0.00038246593335900246 0.00038246593335900246 0.00038246593335900246
0.125343003 0.0009926418511440108 0.0011236999277289387 0.0010768314797301817 0.0006420050900317622 0.00039548145970237365 0.00039548145970237365 0.00039548145970237365 0.00039548145970237365
0.134027415 0.00015979028434497144 0.0005410142194128208 0.0005312676961706849 0.0009159869391562814 0.0004089438155968727 0.0004089438155968727 0.0004089438155968727 0.0004089438155968727
0.143313528 0.0012732577286735198 0.0010256870902543287 0.0007182584506930012 0.00035422597112324904 0.0004228714973410283 0.0004228714973410283 0.0004228714973410283 0.0004228714973410283
0.153243031 0.0011604569476190388 0.0007447194170449673 0.0011276802798534798 0.0014433445184120171 0.0004372764530391213 0.0004372764530391213 0.0004372764530391213 0.0004372764530391213
0.16386050100000002 0.0006416548647009509 0.0008087854999144794 0.001505641704624398 0.0005535986486672889 0.0004521787812317196 0.0004521787812317196 0.0004521787812317196 0.0004521787812317196
0.17521360400000002 0.0006715995666227301 0.0009364817522772779 0.0002072592311374408 0.0012127311122632138 0.00046759327439243535 0.00046759327439243535 0.00046759327439243535 0.00046759327439243535
0.18735330900000002 0.0004147353991014859 0.0008851627566118932 0.0006486380014387395 -0.00012661584012613203 0.0004835378445273495 0.0004835378445273495 0.0004835378445273495 0.0004835378445273495
0.200334116 0.00011582305456429696 0.0006438339506270102 0.0006908828911538709 0.001121000666150109 0.0005000328779650689 0.0005000328779650689 0.0005000328779650689 0.0005000328779650689
0.21421430000000002 8.568052254483854e-5 -0.0002602210538459143 0.001433526111401827 0.00046584209496188325 0.0005170958383517057 0.0005170958383517057 0.0005170958383517057 0.0005170958383517057
0.229056175 0.0004885331888137596 0.001032975928936565 0.0016857741125892098 0.0003622074116423154 0.0005347473972404591 0.0005347473972404591 0.0005347473972404591 0.0005347473972404591
0.244926372 -0.00035609542625369365 0.00030457854436240054 -0.00023956562902596745 0.0008261825237582628 0.0005530073675376763 0.0005530073675376763 0.0005530073675376763 0.0005530073675376763
0.261896138 0.0005572656423616835 -0.0005931495068485534 -0.0005241729135315092 0.0002639017073563749 0.0005718979368444273 0.0005718979368444273 0.0005718979368444273 0.0005718979368444273
0.280041658 0.00044110369603291434 -0.00012141686205339606 0.0005554842776373455 0.0004204624701797354 0.000591440994775039 0.000591440994775039 0.000591440994775039 0.000591440994775039
0.29944439300000003 0.0014452896377730126 0.0012731682850066807 -0.0003080955015440575 2.7371139720228083e-5 0.0006116579898543886 0.0006116579898543886 0.0006116579898543886 0.0006116579898543886
0.32019145000000004 0.0006172251295560872 -0.0004728514117071013 -0.0006510216023982476 -6.415570913731179e-6 0.0006325747561035113 0.0006325747561035113 0.0006325747561035113 0.0006325747561035113
0.34237597000000003 -0.0007146527272923882 0.00018462765519350105 0.00023355255532884952 0.00015261796286948303 0.0006542158413720266 0.0006542158413720266 0.0006542158413720266 0.0006542158413720266
0.366097549 0.0008850646413643078 0.0010980448234428166 -0.00022120236138986244 0.0009428126035426116 0.0006766063500844766 0.0006766063500844766 0.0006766063500844766 0.0006766063500844766
0.39146268100000003 0.0008147164067566736 -0.000404513837063505 -0.0009522931948551673 -0.0007507325001538317 0.000699772548258263 0.000699772548258263 0.000699772548258263 0.000699772548258263
0.41858524100000005 -0.0001384566887871837 -0.0005473556570849369 0.0002622998800162332 0.0009411010143088922 0.0007237423406850754 0.0007237423406850754 0.0007237423406850754 0.0007237423406850754
0.44758699300000004 0.001101948133004209 0.00037805383261164374 -0.00038223928590580927 -0.00033703841184626413 0.0007485456365998889 0.0007485456365998889 0.0007485456365998889 0.0007485456365998889
0.47859813500000004 0.0005293929492823622 0.00046565745199499587 -0.00027695983146097235 8.63709151810024e-5 0.0007742113834674634 0.0007742113834674634 0.0007742113834674634 0.0007742113834674634
0.51175789 -0.001483600401691435 -0.0007255126140768897 -0.00023997212154679623 -0.001439142496797045 0.0008007714118435303 0.0008007714118435303 0.0008007714118435303 0.0008007714118435303
0.547215125 -0.00023042680643002778 -0.0004538037895817877 -0.0004152612652359563 0.00046251428428894717 0.000828257488494319 0.000828257488494319 0.000828257488494319 0.000828257488494319
0.58512902 -0.0018910483116512309 0.001225868448765598 0.0011083644640712909 0.0007097076677293024 0.0008567040303675313 0.0008567040303675313 0.0008567040303675313 0.0008567040303675313
0.625669786 -0.0002222638514671777 0.0008396839980234177 -0.001046609387433366 -0.00011016148023986578 0.0008861460428486809 0.0008861460428486809 0.0008861460428486809 0.0008861460428486809
0.6690194260000001 -0.0007936821291490458 -0.0014262403097694695 -0.002751213237120661 0.0017223569033168495 0.0009166194813103038 0.0009166194813103038 0.0009166194813103038 0.0009166194813103038
0.715372553 -2.6067007320576985e-5 0.0009045539533761286 -0.001861354901865466 0.00022215177134801218 0.0009481641900814641 0.0009481641900814641 0.0009481641900814641 0.0009481641900814641
0.764937265 -0.0017569684295023872 0.00034962087156901496 -0.0014196162933316576 0.0007564077012713626 0.000980817926073122 0.000980817926073122 0.000980817926073122 0.000980817926073122
0.817936077 -0.0012452842670297277 0.00027308840503771707 0.0004022111438156703 -0.0008845072548590246 0.00101462390486389 0.00101462390486389 0.00101462390486389 0.00101462390486389
0.8746069200000001 0.0007787299904436456 0.0018657991805611572 -0.00047639493831140106 0.000289189789685994 0.0010496249160599242 0.0010496249160599242 0.0010496249160599242 0.0010496249160599242
0.935204212 0.0007180372398593756 -0.000178513726087407 -0.0007884660635790306 -0.0008227695789559694 0.0010858660648673103 0.0010858660648673103 0.0010858660648673103 0.0010858660648673103
0.999999999 -0.0003107200912054533 -0.0008480145977831676 -0.0021457717215865413 0.0002868872054053598 0.0011233953167485366 0.0011233953167485366 0.0011233953167485366 0.0011233953167485366
