1.562500E-9	-1.000006E+0	-1.000006E+0	2.515472E-1	6.970413E-3	2.849756E-6	6.106099E-6	2.984976E-2	2.292336E-2
3.125000E-9	-1.000006E+0	-1.000006E+0	3.851488E-1	6.632141E-2	2.849756E-6	6.106099E-6	2.548500E-2	1.761851E-2
4.687500E-9	-1.000006E+0	-1.000006E+0	4.419346E-1	1.212759E-1	2.849756E-6	6.106099E-6	3.144056E-2	2.770830E-2
6.250000E-9	-1.000006E+0	-1.000006E+0	3.776435E-1	3.102456E-1	2.849756E-6	6.106099E-6	2.768373E-2	2.570038E-2
7.812500E-9	-1.000006E+0	-1.000006E+0	3.179307E-1	6.219692E-1	2.849756E-6	6.106099E-6	1.541505E-2	2.515818E-2
9.375000E-9	-1.000006E+0	-1.000006E+0	2.824047E-1	6.638008E-1	2.849756E-6	6.106099E-6	2.670897E-2	2.648747E-2
1.093750E-8	-1.000006E+0	-1.000006E+0	2.423239E-1	5.047552E-1	2.849756E-6	6.106099E-6	2.830303E-2	2.399143E-2
1.250000E-8	-1.000006E+0	-1.000006E+0	2.660707E-1	3.433656E-1	2.849756E-6	6.106099E-6	1.837887E-2	2.278765E-2
1.406250E-8	-1.000006E+0	-1.000006E+0	2.193009E-1	2.954976E-1	2.849756E-6	6.106099E-6	1.969557E-2	2.525449E-2
1.562500E-8	-1.000006E+0	-1.000006E+0	2.496808E-1	2.880829E-1	2.849756E-6	6.106099E-6	2.664202E-2	2.511859E-2
1.718750E-8	-1.000006E+0	-1.000006E+0	2.211175E-1	2.564375E-1	2.849756E-6	6.106099E-6	1.989068E-2	2.727598E-2
1.875000E-8	-1.000006E+0	-1.000006E+0	2.919880E-1	2.538116E-1	2.849756E-6	6.106099E-6	1.975225E-2	2.675398E-2
2.031250E-8	-1.000006E+0	-1.000006E+0	2.125743E-1	2.464586E-1	2.849756E-6	6.106099E-6	2.611418E-2	2.270118E-2
2.187500E-8	-1.000006E+0	-1.000006E+0	2.214524E-1	2.173914E-1	2.849756E-6	6.106099E-6	3.223984E-2	2.568771E-2
2.343750E-8	-1.000006E+0	-1.000006E+0	1.668719E-1	2.190225E-1	2.849756E-6	6.106099E-6	1.780789E-2	2.884745E-2
2.500000E-8	-1.000006E+0	-1.000006E+0	1.944341E-1	1.552697E-1	2.849756E-6	6.106099E-6	2.111748E-2	2.676723E-2
2.812500E-8	-1.000006E+0	-1.000006E+0	1.606283E-1	1.944541E-1	2.849756E-6	6.106099E-6	1.741614E-2	1.395459E-2
3.125000E-8	-1.000006E+0	-1.000006E+0	1.859430E-1	1.606251E-1	2.849756E-6	6.106099E-6	1.315843E-2	1.393241E-2
3.437500E-8	-1.000006E+0	-1.000006E+0	2.201312E-1	1.934617E-1	2.849756E-6	6.106099E-6	1.895895E-2	1.071303E-2
3.750000E-8	-1.000006E+0	-1.000006E+0	2.169062E-1	1.931141E-1	2.849756E-6	6.106099E-6	1.413161E-2	1.918885E-2
4.062500E-8	-1.000006E+0	-1.000006E+0	2.010445E-1	2.089114E-1	2.849756E-6	6.106099E-6	1.453120E-2	1.015929E-2
4.375000E-8	-1.000006E+0	-1.000006E+0	2.075450E-1	1.985815E-1	2.849756E-6	6.106099E-6	1.399443E-2	1.160526E-2
4.687499E-8	-1.000006E+0	-1.000006E+0	2.031226E-1	1.985120E-1	2.849756E-6	6.106099E-6	1.935609E-2	1.744464E-2
4.999999E-8	-1.000006E+0	-5.136997E-1	1.949883E-1	1.994956E-1	2.849756E-6	7.699373E-3	2.669517E-2	1.631691E-2
5.624999E-8	9.533488E+0	5.352996E+0	1.767486E-1	1.932810E-1	3.770970E-2	2.923809E-2	9.917670E-3	1.225426E-2
6.249999E-8	3.855933E+0	2.120757E+0	1.802789E-1	2.131019E-1	1.993482E-2	1.761897E-2	1.715517E-2	1.081453E-2
6.874999E-8	2.880008E+0	1.751426E+0	1.963692E-1	2.103808E-1	2.277963E-2	1.328305E-2	1.805299E-2	1.454998E-2
7.499999E-8	2.208372E+0	1.429880E+0	2.163476E-1	1.873594E-1	1.810313E-2	2.201890E-2	1.284808E-2	1.212122E-2
8.124999E-8	1.808938E+0	1.299779E+0	1.822456E-1	1.873127E-1	2.192889E-2	1.033827E-2	1.821586E-2	8.255644E-3
8.749998E-8	1.494498E+0	1.135972E+0	2.128782E-1	2.094658E-1	8.849367E-3	1.486953E-2	1.096521E-2	9.829431E-3
9.374998E-8	1.257985E+0	9.847884E-1	2.169957E-1	1.849319E-1	2.744164E-2	1.029656E-2	8.660775E-3	1.081714E-2
9.999998E-8	1.072212E+0	8.617177E-1	2.011526E-1	1.857940E-1	1.832443E-2	1.571716E-2	7.446791E-3	1.160141E-2
1.125000E-7	8.174709E-1	7.486925E-1	2.002638E-1	2.037316E-1	1.273160E-2	8.351627E-3	8.635669E-3	6.596586E-3
1.250000E-7	6.479849E-1	6.644302E-1	2.090281E-1	1.970227E-1	1.077514E-2	1.385133E-2	1.436216E-2	3.342076E-3
1.375000E-7	5.505964E-1	5.978184E-1	2.068179E-1	1.987227E-1	1.534626E-2	7.539885E-3	1.012699E-2	8.413124E-3
1.500000E-7	4.700361E-1	5.458525E-1	2.002984E-1	2.005066E-1	1.293315E-2	7.276572E-3	1.087951E-2	8.567175E-3
1.625000E-7	4.128070E-1	4.969374E-1	2.134596E-1	1.932490E-1	8.846516E-3	1.018796E-2	6.542213E-3	1.235847E-2
1.750000E-7	3.866161E-1	4.494034E-1	2.106398E-1	1.990342E-1	1.038797E-2	7.755725E-3	6.531373E-3	7.948010E-3
1.875000E-7	3.608770E-1	4.445734E-1	1.985205E-1	2.121077E-1	9.665955E-3	6.850587E-3	1.159542E-2	7.224872E-3
2.000000E-7	3.121170E-1	4.262513E-1	1.976745E-1	1.903775E-1	9.337616E-3	1.233454E-2	9.372037E-3	7.570980E-3
2.250000E-7	2.856912E-1	3.742705E-1	2.006814E-1	1.966576E-1	8.110511E-3	5.868785E-3	4.571115E-3	5.054676E-3
2.500000E-7	2.637778E-1	3.606702E-1	1.962297E-1	1.942267E-1	5.273394E-3	7.314151E-3	6.723612E-3	3.260020E-3
2.750000E-7	2.445785E-1	3.229614E-1	1.961257E-1	1.999415E-1	8.385236E-3	4.473576E-3	4.900048E-3	4.346554E-3
3.000000E-7	2.289704E-1	3.143612E-1	1.961364E-1	2.007500E-1	4.775603E-3	6.494998E-3	8.465705E-3	4.696759E-3
3.249999E-7	2.154485E-1	3.055973E-1	1.976116E-1	1.973829E-1	7.882645E-3	4.147975E-3	6.116420E-3	6.808791E-3
3.499999E-7	2.085080E-1	2.939263E-1	1.939960E-1	1.933296E-1	7.285237E-3	5.614010E-3	8.308364E-3	3.641502E-3
3.749999E-7	2.172263E-1	2.863318E-1	1.938806E-1	1.869624E-1	6.816649E-3	6.265321E-3	6.039832E-3	5.066198E-3
3.999999E-7	2.102710E-1	2.645750E-1	1.978534E-1	2.094978E-1	6.179759E-3	6.067268E-3	6.745969E-3	8.068511E-3
4.499999E-7	2.077353E-1	2.586427E-1	1.936555E-1	1.923004E-1	5.289558E-3	3.278821E-3	2.500774E-3	3.455750E-3
4.999999E-7	1.958570E-1	2.554218E-1	1.968878E-1	1.921130E-1	6.362950E-3	3.035860E-3	3.185052E-3	4.674642E-3
5.499999E-7	1.926606E-1	2.317754E-1	1.955031E-1	1.961924E-1	2.983399E-3	4.944418E-3	3.801294E-3	4.751249E-3
5.999999E-7	1.940619E-1	2.250798E-1	1.917705E-1	1.944549E-1	4.765921E-3	6.854539E-3	4.464371E-3	5.728010E-3
6.499999E-7	1.899425E-1	2.279214E-1	2.010294E-1	1.921922E-1	4.175645E-3	3.119040E-3	3.301888E-3	3.612618E-3
6.999999E-7	1.887075E-1	2.175399E-1	1.912070E-1	1.898022E-1	4.480438E-3	4.770600E-3	4.385338E-3	2.555998E-3
7.499999E-7	1.919599E-1	2.143767E-1	1.951241E-1	1.916630E-1	3.444544E-3	5.085644E-3	3.130292E-3	2.961491E-3
7.999998E-7	1.902635E-1	2.083812E-1	1.923718E-1	1.943719E-1	3.570534E-3	4.332831E-3	4.355442E-3	3.481860E-3
8.999999E-7	1.920484E-1	2.004682E-1	1.880678E-1	1.872647E-1	5.297176E-3	1.603401E-3	2.183267E-3	2.316499E-3
9.999999E-7	1.860531E-1	2.015383E-1	1.906158E-1	1.886477E-1	3.299557E-3	1.863235E-3	3.669315E-3	3.601695E-3
1.100000E-6	1.870774E-1	1.984013E-1	1.884798E-1	1.895150E-1	4.138907E-3	2.424317E-3	1.838046E-3	3.199579E-3
1.200000E-6	1.853799E-1	1.949070E-1	1.889336E-1	1.888659E-1	3.085708E-3	2.410076E-3	3.831895E-3	2.861756E-3
1.300000E-6	1.848944E-1	1.935964E-1	1.852711E-1	1.887468E-1	3.381265E-3	2.690757E-3	2.520079E-3	3.277141E-3
1.400000E-6	1.828071E-1	1.923085E-1	1.857667E-1	1.890399E-1	3.823939E-3	2.972622E-3	3.742725E-3	3.174716E-3
1.500000E-6	1.828259E-1	1.880561E-1	1.800300E-1	1.831386E-1	3.648896E-3	2.931765E-3	2.851611E-3	1.920536E-3
1.600000E-6	1.720565E-1	1.874331E-1	1.877330E-1	1.849370E-1	2.873559E-3	2.143916E-3	2.133166E-3	2.815409E-3
1.800000E-6	1.713197E-1	1.851569E-1	1.844208E-1	1.819373E-1	1.894643E-3	1.409309E-3	2.918601E-3	1.955459E-3
2.000000E-6	1.742412E-1	1.841080E-1	1.799141E-1	1.791030E-1	1.926772E-3	2.573754E-3	1.430145E-3	3.358908E-3
2.200000E-6	1.707362E-1	1.818226E-1	1.796933E-1	1.782263E-1	2.583014E-3	1.525042E-3	2.010550E-3	2.035235E-3
2.400000E-6	1.707352E-1	1.814111E-1	1.785545E-1	1.787493E-1	1.769592E-3	1.203449E-3	1.943738E-3	2.270675E-3
2.600000E-6	1.698869E-1	1.789593E-1	1.802413E-1	1.757860E-1	1.986652E-3	1.462270E-3	1.714773E-3	2.123186E-3
2.799999E-6	1.674845E-1	1.773128E-1	1.754270E-1	1.730926E-1	2.389626E-3	1.896660E-3	8.354119E-4	1.927628E-3
2.999999E-6	1.651911E-1	1.727473E-1	1.737337E-1	1.746198E-1	3.462775E-3	1.195281E-3	2.464405E-3	2.231395E-3
3.199999E-6	1.640755E-1	1.752563E-1	1.752811E-1	1.707434E-1	2.153588E-3	1.952563E-3	2.431758E-3	1.452722E-3
3.599999E-6	1.641503E-1	1.687628E-1	1.705216E-1	1.681321E-1	1.245963E-3	1.204249E-3	1.484956E-3	1.595783E-3
4.000000E-6	1.594661E-1	1.677164E-1	1.643526E-1	1.677605E-1	1.647017E-3	8.751281E-4	1.696880E-3	1.834888E-3
4.399999E-6	1.582110E-1	1.624149E-1	1.616931E-1	1.633556E-1	9.280545E-4	2.240417E-3	1.960860E-3	2.245919E-3
4.799999E-6	1.540831E-1	1.618148E-1	1.609549E-1	1.608871E-1	9.493596E-4	8.606573E-4	1.374654E-3	1.465541E-3
5.199999E-6	1.505557E-1	1.579802E-1	1.586510E-1	1.586922E-1	1.752445E-3	1.900411E-3	1.125837E-3	1.328153E-3
5.599999E-6	1.508816E-1	1.569083E-1	1.532182E-1	1.557708E-1	1.700046E-3	1.375795E-3	1.766524E-3	1.498625E-3
5.999999E-6	1.479978E-1	1.546567E-1	1.513971E-1	1.531862E-1	2.551050E-3	1.550239E-3	1.481101E-3	1.513005E-3
6.399999E-6	1.474275E-1	1.516088E-1	1.512753E-1	1.539138E-1	1.588675E-3	1.565725E-3	2.207562E-3	1.831688E-3
7.199999E-6	1.432125E-1	1.490157E-1	1.480018E-1	1.473709E-1	7.052731E-4	1.110334E-3	1.366316E-3	1.085700E-3
7.999999E-6	1.377739E-1	1.433361E-1	1.430403E-1	1.418147E-1	1.095380E-3	8.313692E-4	9.964867E-4	6.826322E-4
8.799999E-6	1.362619E-1	1.411220E-1	1.398159E-1	1.387932E-1	9.636655E-4	7.731862E-4	9.739965E-4	8.942182E-4
9.599999E-6	1.333241E-1	1.363670E-1	1.368359E-1	1.354545E-1	1.298211E-3	6.863492E-4	1.268156E-3	1.171954E-3
1.040000E-5	1.289671E-1	1.351334E-1	1.326658E-1	1.325505E-1	1.210194E-3	1.053407E-3	1.289469E-3	1.102005E-3
1.120000E-5	1.252144E-1	1.310886E-1	1.297401E-1	1.278184E-1	1.315904E-3	1.009685E-3	5.569992E-4	8.243526E-4
1.200000E-5	1.248171E-1	1.268026E-1	1.269999E-1	1.254050E-1	1.035567E-3	1.057608E-3	6.058868E-4	1.238651E-3
1.280000E-5	1.215532E-1	1.251101E-1	1.230684E-1	1.253167E-1	7.731798E-4	9.680217E-4	1.613200E-3	1.016549E-3
1.440000E-5	1.155580E-1	1.191906E-1	1.190250E-1	1.194055E-1	4.980370E-4	6.863244E-4	4.509788E-4	8.515601E-4
1.600000E-5	1.117644E-1	1.161699E-1	1.145902E-1	1.127236E-1	6.454290E-4	7.035735E-4	7.904914E-4	5.474576E-4
1.760000E-5	1.070798E-1	1.117935E-1	1.101586E-1	1.088602E-1	9.343491E-4	6.520089E-4	6.350254E-4	5.611013E-4
1.920000E-5	1.028058E-1	1.067252E-1	1.054594E-1	1.054376E-1	9.504774E-4	6.082936E-4	6.201607E-4	7.476024E-4
2.080000E-5	9.985864E-2	1.028151E-1	1.010003E-1	1.016549E-1	8.367711E-4	4.872961E-4	7.089556E-4	1.008102E-3
2.240000E-5	9.561073E-2	9.846796E-2	9.761230E-2	9.814450E-2	4.264148E-4	7.524825E-4	9.062032E-4	8.883761E-4
2.400000E-5	9.319766E-2	9.488554E-2	9.360144E-2	9.603739E-2	5.372830E-4	9.357084E-4	9.216904E-4	4.073220E-4
2.559999E-5	9.062990E-2	9.284573E-2	9.189743E-2	9.081764E-2	7.700463E-4	7.840836E-4	5.940765E-4	7.540645E-4
2.880000E-5	8.482961E-2	8.636214E-2	8.601656E-2	8.555337E-2	6.505386E-4	2.503553E-4	4.738501E-4	5.718242E-4
3.200000E-5	8.093375E-2	8.258136E-2	8.128330E-2	8.196410E-2	4.087515E-4	4.143789E-4	5.076511E-4	5.374627E-4
3.520000E-5	7.637584E-2	7.779001E-2	7.718685E-2	7.730759E-2	7.427835E-4	5.307011E-4	5.354144E-4	5.945108E-4
3.839999E-5	7.234374E-2	7.316972E-2	7.293539E-2	7.284223E-2	2.785256E-4	4.220564E-4	5.515386E-4	5.285368E-4
4.159999E-5	6.902993E-2	7.090304E-2	6.993148E-2	6.917232E-2	4.414075E-4	3.245897E-4	6.668492E-4	5.643950E-4
4.479999E-5	6.553894E-2	6.719045E-2	6.656073E-2	6.597118E-2	5.048737E-4	6.209693E-4	4.283753E-4	4.268237E-4
4.799999E-5	6.267172E-2	6.439400E-2	6.356482E-2	6.308479E-2	6.295076E-4	5.300221E-4	5.051910E-4	4.833223E-4
5.119999E-5	6.020633E-2	6.096082E-2	6.147572E-2	6.088085E-2	3.537209E-4	5.168512E-4	5.435011E-4	4.221058E-4
5.759999E-5	5.634079E-2	5.644498E-2	5.618356E-2	5.630069E-2	3.338724E-4	3.073619E-4	5.620253E-4	3.430790E-4
6.399999E-5	5.186625E-2	5.289667E-2	5.257493E-2	5.282236E-2	4.233473E-4	3.137494E-4	4.120648E-4	4.138020E-4
7.039999E-5	4.834424E-2	4.921079E-2	4.876476E-2	4.868515E-2	3.007091E-4	4.205176E-4	3.329169E-4	5.788509E-4
7.679999E-5	4.554749E-2	4.677317E-2	4.528176E-2	4.598486E-2	3.910707E-4	3.758554E-4	2.462235E-4	4.005348E-4
8.319999E-5	4.257379E-2	4.406003E-2	4.338765E-2	4.342273E-2	4.253652E-4	2.056284E-4	4.237352E-4	2.926196E-4
8.959998E-5	4.056781E-2	4.119384E-2	4.008477E-2	4.082705E-2	2.956846E-4	2.143746E-4	3.292370E-4	4.429503E-4
9.599998E-5	3.846699E-2	3.912658E-2	3.874832E-2	3.779369E-2	2.438219E-4	2.855822E-4	3.496423E-4	3.723491E-4
1.024000E-4	3.615789E-2	3.728309E-2	3.620936E-2	3.669152E-2	4.359429E-4	3.067018E-4	2.472783E-4	3.255735E-4
1.152000E-4	3.326768E-2	3.336055E-2	3.323122E-2	3.337054E-2	2.709015E-4	3.112152E-4	2.944946E-4	2.263303E-4
1.280000E-4	3.010564E-2	3.070630E-2	3.050343E-2	3.034215E-2	3.168378E-4	2.851696E-4	1.849806E-4	1.937416E-4
1.408000E-4	2.775279E-2	2.824818E-2	2.785044E-2	2.825317E-2	2.964814E-4	2.373519E-4	2.259978E-4	2.899213E-4
1.536000E-4	2.547198E-2	2.635633E-2	2.601829E-2	2.605732E-2	1.926641E-4	2.255951E-4	2.062045E-4	2.126645E-4
1.664000E-4	2.408904E-2	2.454356E-2	2.419933E-2	2.456029E-2	1.987645E-4	1.727677E-4	3.338698E-4	2.686838E-4
1.792000E-4	2.233361E-2	2.270588E-2	2.247755E-2	2.256474E-2	3.725177E-4	2.182522E-4	3.810295E-4	2.749887E-4
1.920000E-4	2.107334E-2	2.124466E-2	2.138605E-2	2.070901E-2	2.694587E-4	2.436218E-4	2.526828E-4	2.656359E-4
2.048000E-4	1.963599E-2	1.974314E-2	2.005050E-2	1.979861E-2	1.948987E-4	1.140795E-4	1.733204E-4	1.666176E-4
2.304000E-4	1.788923E-2	1.798364E-2	1.835357E-2	1.785747E-2	2.692595E-4	1.676659E-4	1.651491E-4	1.809278E-4
2.560000E-4	1.608588E-2	1.648574E-2	1.644821E-2	1.640164E-2	2.686545E-4	1.417009E-4	1.420208E-4	1.768008E-4
2.816000E-4	1.489603E-2	1.470655E-2	1.486866E-2	1.481679E-2	3.130414E-4	2.121497E-4	1.476059E-4	1.454798E-4
3.072000E-4	1.334620E-2	1.375316E-2	1.350243E-2	1.336875E-2	1.768819E-4	1.828481E-4	1.450123E-4	1.857178E-4
3.327999E-4	1.266537E-2	1.241950E-2	1.218316E-2	1.235841E-2	2.125103E-4	1.887100E-4	1.851272E-4	1.690235E-4
3.583999E-4	1.153659E-2	1.177254E-2	1.186108E-2	1.142086E-2	1.728371E-4	1.680064E-4	2.058759E-4	2.394751E-4
3.839999E-4	1.107428E-2	1.107374E-2	1.089590E-2	1.064277E-2	1.390804E-4	2.280502E-4	1.527338E-4	1.447289E-4
4.095999E-4	1.012404E-2	1.032563E-2	1.024116E-2	1.009711E-2	2.606328E-4	1.877488E-4	1.816524E-4	1.754049E-4
4.607999E-4	9.035620E-3	8.976446E-3	9.041362E-3	8.967982E-3	1.198415E-4	1.191977E-4	1.846317E-4	1.148923E-4
5.119999E-4	7.532537E-3	7.977976E-3	7.875045E-3	7.769346E-3	1.033145E-4	8.610565E-5	9.451764E-5	1.226644E-4
5.631999E-4	7.034825E-3	7.232799E-3	7.237249E-3	6.792492E-3	1.870253E-4	1.290587E-4	1.519481E-4	1.199368E-4
6.143999E-4	6.123920E-3	6.580618E-3	6.495674E-3	6.379022E-3	1.056768E-4	1.189020E-4	1.127636E-4	1.121888E-4
6.655999E-4	6.048686E-3	6.162299E-3	6.051646E-3	5.967564E-3	1.226019E-4	1.210131E-4	1.834221E-4	1.192816E-4
7.167999E-4	5.633122E-3	5.547523E-3	5.379571E-3	5.516397E-3	1.794936E-4	1.498564E-4	1.983155E-4	1.127431E-4
7.679999E-4	5.172008E-3	4.936682E-3	5.134344E-3	5.059878E-3	1.427054E-4	9.807369E-5	1.517769E-4	1.348780E-4
8.191998E-4	4.757199E-3	4.597637E-3	4.793498E-3	4.669534E-3	1.503849E-4	1.268702E-4	1.453220E-4	1.411871E-4
9.215999E-4	4.307303E-3	4.177160E-3	4.262672E-3	4.092508E-3	9.538066E-5	1.247198E-4	1.058008E-4	1.233874E-4
1.024000E-3	3.667083E-3	3.765186E-3	3.662878E-3	3.889190E-3	4.258976E-5	1.091087E-4	9.939206E-5	1.071550E-4
1.126400E-3	3.425009E-3	3.334204E-3	3.230174E-3	3.526794E-3	1.305883E-4	8.014431E-5	1.173712E-4	1.272698E-4
1.228800E-3	2.858751E-3	3.135231E-3	3.036963E-3	3.198862E-3	1.389448E-4	1.045704E-4	9.505250E-5	1.154246E-4
1.331200E-3	2.677368E-3	2.865394E-3	2.711826E-3	2.771603E-3	1.156090E-4	1.470636E-4	1.090925E-4	7.470868E-5
1.433600E-3	2.479149E-3	2.430465E-3	2.285176E-3	2.504335E-3	1.217315E-4	6.600822E-5	1.052417E-4	1.344287E-4
1.536000E-3	2.509654E-3	2.145343E-3	2.227690E-3	2.507170E-3	7.779753E-5	7.224911E-5	1.011675E-4	8.415165E-5
1.638400E-3	2.106369E-3	2.344357E-3	2.195954E-3	2.167808E-3	1.017536E-4	8.065976E-5	6.195146E-5	1.032006E-4
1.843200E-3	1.835366E-3	1.885719E-3	1.836989E-3	1.858076E-3	1.182050E-4	8.570997E-5	6.610226E-5	1.240866E-4
2.048000E-3	1.797259E-3	1.606398E-3	1.666467E-3	1.525151E-3	1.080549E-4	9.727164E-5	8.670351E-5	7.283273E-5
2.252800E-3	1.388649E-3	1.564595E-3	1.461453E-3	1.560953E-3	1.105975E-4	8.293491E-5	6.685213E-5	8.392590E-5
2.457600E-3	1.374371E-3	1.366350E-3	1.328230E-3	1.299633E-3	9.767876E-5	9.780885E-5	1.024060E-4	6.896521E-5
2.662400E-3	1.156337E-3	1.273910E-3	1.189537E-3	1.297156E-3	5.053590E-5	1.016026E-4	1.052528E-4	9.664813E-5
2.867199E-3	1.210193E-3	9.570916E-4	9.961127E-4	1.028524E-3	9.032423E-5	8.513304E-5	7.608717E-5	8.854474E-5
3.071999E-3	1.106878E-3	9.289318E-4	9.128783E-4	8.456045E-4	8.116033E-5	7.526851E-5	5.203289E-5	8.719044E-5
3.276799E-3	7.533298E-4	1.046909E-3	9.722975E-4	8.874999E-4	8.430484E-5	8.123520E-5	9.613663E-5	7.883862E-5
3.686399E-3	7.695556E-4	7.554028E-4	8.461475E-4	7.992983E-4	4.516108E-5	4.570173E-5	2.183096E-5	4.644410E-5
4.096000E-3	7.238454E-4	8.192990E-4	7.403030E-4	8.101728E-4	4.793801E-5	5.212528E-5	7.223302E-5	6.184056E-5
4.505599E-3	6.231798E-4	6.520881E-4	5.403625E-4	6.429884E-4	6.495145E-5	6.162330E-5	5.455817E-5	6.859375E-5
4.915199E-3	6.721749E-4	6.435845E-4	6.793870E-4	6.838904E-4	7.585408E-5	6.712443E-5	6.495449E-5	5.379498E-5
5.324799E-3	4.781816E-4	4.926655E-4	5.337530E-4	5.841520E-4	6.026763E-5	6.099283E-5	7.549210E-5	5.615820E-5
5.734399E-3	5.465680E-4	5.056593E-4	6.528563E-4	4.419618E-4	6.649054E-5	4.910161E-5	7.433485E-5	6.168128E-5
6.143999E-3	5.681978E-4	4.483197E-4	4.865858E-4	4.366769E-4	7.557705E-5	4.040656E-5	5.447570E-5	6.728294E-5
6.553599E-3	4.686978E-4	4.579491E-4	4.473660E-4	5.658203E-4	8.875448E-5	7.753816E-5	4.464423E-5	6.049438E-5
7.372799E-3	3.414353E-4	4.145834E-4	3.841850E-4	4.806386E-4	3.845335E-5	3.986546E-5	4.870967E-5	3.807137E-5
8.191999E-3	3.654493E-4	4.407962E-4	3.754430E-4	4.254315E-4	3.606981E-5	3.986712E-5	3.933442E-5	4.166289E-5
9.011199E-3	3.204280E-4	3.618664E-4	3.583431E-4	3.110700E-4	4.591616E-5	3.804433E-5	4.450245E-5	3.278608E-5
9.830398E-3	2.572073E-4	2.827114E-4	2.841949E-4	1.747012E-4	3.217077E-5	3.467073E-5	2.915553E-5	5.070750E-5
1.064960E-2	2.496706E-4	2.849632E-4	1.526343E-4	2.118548E-4	3.275249E-5	4.288929E-5	5.641616E-5	4.791713E-5
1.146880E-2	2.688368E-4	2.637241E-4	2.073314E-4	3.139840E-4	4.660969E-5	6.930492E-5	5.174869E-5	5.314139E-5
1.228800E-2	2.086229E-4	2.866056E-4	1.813769E-4	1.977020E-4	2.835586E-5	4.473052E-5	4.070955E-5	3.047189E-5
1.310720E-2	2.332860E-4	2.556244E-4	2.129078E-4	2.884732E-4	4.410897E-5	5.179952E-5	5.341075E-5	7.061622E-5
1.474560E-2	2.267030E-4	1.894302E-4	1.977417E-4	1.868407E-4	4.094162E-5	4.459474E-5	2.263408E-5	3.505057E-5
1.638400E-2	1.521309E-4	2.178484E-4	1.398590E-4	1.288255E-4	4.324765E-5	4.286757E-5	2.451694E-5	3.635356E-5
1.802240E-2	1.433492E-4	1.113084E-4	1.221233E-4	1.531044E-4	3.950518E-5	3.299052E-5	5.379882E-5	2.390855E-5
1.966080E-2	1.795491E-4	1.412762E-4	2.000729E-4	1.272294E-4	3.422617E-5	3.180532E-5	4.050595E-5	3.274153E-5
2.129920E-2	2.045035E-4	1.270639E-4	1.281964E-4	8.332730E-5	4.027505E-5	2.823105E-5	3.834320E-5	4.091006E-5
2.293760E-2	1.375212E-4	1.946025E-4	1.599590E-4	1.575549E-4	4.617992E-5	2.817751E-5	3.646832E-5	2.848092E-5
2.457600E-2	1.601709E-4	1.597140E-4	1.208981E-4	1.780457E-4	3.689135E-5	2.478959E-5	4.022550E-5	3.098302E-5
2.621439E-2	1.208385E-4	8.310875E-5	8.011527E-5	1.537402E-4	4.066369E-5	2.855945E-5	3.903022E-5	4.239397E-5
2.949120E-2	1.055400E-4	1.050300E-4	7.859202E-5	1.058181E-4	2.973715E-5	1.784649E-5	3.186010E-5	2.271878E-5
3.276800E-2	1.602107E-4	9.903642E-5	8.429422E-5	1.191828E-4	2.451127E-5	2.813552E-5	2.571032E-5	3.532958E-5
3.604480E-2	1.135733E-4	8.047289E-5	1.062552E-4	7.708205E-5	2.935682E-5	2.490697E-5	2.620052E-5	2.643216E-5
3.932159E-2	1.076923E-4	4.611413E-5	7.435348E-5	1.138051E-4	2.717518E-5	2.373737E-5	2.201398E-5	3.276496E-5
4.259839E-2	1.058512E-4	5.918079E-5	6.716118E-5	9.416209E-5	2.237079E-5	2.278441E-5	3.002688E-5	2.719823E-5
4.587519E-2	5.082288E-5	9.789732E-5	5.827347E-5	8.289681E-5	3.029458E-5	1.785373E-5	3.558259E-5	2.666976E-5
4.915199E-2	5.053149E-5	6.398890E-5	6.979042E-5	4.933278E-5	3.123427E-5	1.796904E-5	2.387101E-5	2.289806E-5
5.242879E-2	8.394983E-5	4.473660E-5	7.710193E-5	1.047320E-4	2.361697E-5	2.180660E-5	3.937617E-5	2.583461E-5
5.898239E-2	6.712145E-5	9.002950E-5	6.720755E-5	6.567107E-5	2.033564E-5	2.182712E-5	1.995245E-5	1.143170E-5
6.553599E-2	3.954437E-5	7.312166E-5	1.247724E-5	7.539987E-5	1.654326E-5	2.325373E-5	2.511611E-5	1.447994E-5
7.208959E-2	8.702941E-5	8.977784E-5	8.418825E-5	7.845957E-5	2.329501E-5	2.314732E-5	2.904790E-5	1.801067E-5
7.864319E-2	6.828043E-6	2.882878E-5	3.443162E-5	5.863110E-5	1.278409E-5	1.581560E-5	2.562405E-5	1.739155E-5
8.519679E-2	6.976393E-5	5.325343E-5	6.759167E-5	5.086263E-5	3.188268E-5	2.187216E-5	2.218798E-5	2.766868E-5
9.175038E-2	6.865131E-5	5.579657E-5	5.235937E-5	5.375014E-5	2.889949E-5	1.903664E-5	1.929464E-5	2.497320E-5
9.830398E-2	5.712112E-5	5.373028E-5	2.461009E-5	7.561843E-5	1.136149E-5	1.697475E-5	1.874794E-5	1.771037E-5
1.048576E-1	4.639890E-5	6.849235E-5	3.893508E-5	8.196302E-5	3.306483E-5	1.824176E-5	2.602974E-5	3.054371E-5
1.179648E-1	3.467004E-5	1.580848E-5	4.149807E-5	4.673004E-5	1.741922E-5	1.029945E-5	1.704258E-5	1.805417E-5
1.310720E-1	3.047784E-5	1.888143E-5	7.503564E-6	1.624558E-5	1.471335E-5	8.989115E-6	1.151733E-5	1.665089E-5
1.441792E-1	3.529915E-6	2.046426E-6	1.466936E-5	1.527204E-5	1.749029E-5	1.853924E-5	1.850784E-5	1.110032E-5
1.572864E-1	2.991491E-5	2.135833E-5	2.715323E-5	1.388788E-5	2.104907E-5	1.260036E-5	1.779857E-5	1.416840E-5
1.703936E-1	1.486142E-5	1.687474E-5	2.106032E-6	1.176860E-5	1.964868E-5	8.210865E-6	1.539590E-5	1.308383E-5
1.835008E-1	2.649758E-5	2.438492E-5	2.102057E-5	1.375543E-5	1.458038E-5	1.629078E-5	1.582599E-5	1.590589E-5
1.966080E-1	-1.276201E-5	2.772941E-5	-6.053183E-6	3.139178E-5	1.583215E-5	1.335401E-5	1.215298E-5	1.464158E-5
2.097152E-1	1.868274E-5	4.132589E-6	3.753106E-5	8.006891E-6	1.345963E-5	8.363817E-6	1.902587E-5	1.588781E-5
2.359296E-1	2.176232E-5	4.834601E-6	2.275573E-5	-5.000168E-6	1.100762E-5	1.210238E-5	1.568000E-5	1.483232E-5
2.621440E-1	1.087454E-5	1.391437E-5	2.142456E-5	1.013941E-5	1.422735E-5	8.692026E-6	1.380723E-5	1.213048E-5
2.883584E-1	5.662442E-6	1.336468E-5	-1.282162E-5	1.767609E-5	1.320830E-5	1.268448E-5	1.334330E-5	1.156462E-5
3.145728E-1	6.623333E-9	4.079608E-6	-3.218651E-6	1.372231E-5	1.189728E-5	1.043126E-5	1.182318E-5	1.059305E-5
3.407871E-1	-8.470482E-6	-1.811981E-5	-3.176265E-5	1.543098E-6	6.533800E-6	8.131739E-6	1.204075E-5	1.103344E-5
3.670015E-1	-1.747741E-5	4.437237E-7	2.324581E-6	-1.221233E-5	1.367249E-5	1.260300E-5	1.483074E-5	1.310681E-5
3.932159E-1	-1.272890E-5	4.437232E-7	2.615983E-6	-1.460314E-5	8.524009E-6	1.423701E-5	1.195830E-5	1.140375E-5
4.194303E-1	7.808208E-6	1.443758E-6	9.271834E-6	4.529953E-6	8.271383E-6	8.390316E-6	1.057990E-5	8.813676E-6
4.718591E-1	5.563103E-7	4.556446E-6	-9.669199E-6	1.951721E-5	1.415827E-5	8.734493E-6	1.178719E-5	1.480394E-5
5.242879E-1	-5.112754E-6	-2.960365E-6	-1.538462E-5	2.675588E-6	5.607368E-6	9.245452E-6	1.041485E-5	6.171547E-6
5.767167E-1	-7.390975E-6	-1.841121E-6	-1.051691E-5	-1.311302E-6	8.013956E-6	1.005357E-5	1.094756E-5	7.686176E-6
6.291455E-1	2.649144E-8	1.884169E-5	8.602937E-6	9.073152E-6	7.871006E-6	7.129405E-6	8.731871E-6	6.401288E-6
6.815743E-1	7.390975E-6	4.900828E-6	1.123879E-5	7.377731E-6	9.534978E-6	9.321755E-6	1.080719E-5	7.216852E-6
7.340031E-1	1.463625E-6	6.238619E-6	1.026525E-6	1.205338E-6	9.214580E-6	1.098928E-5	7.508120E-6	6.286036E-6
7.864318E-1	-8.179082E-6	-6.218752E-6	2.423922E-6	-1.068248E-5	7.773506E-6	8.109493E-6	1.028215E-5	5.143861E-6
8.388606E-1	-2.483528E-6	1.145734E-6	4.887581E-6	7.722112E-6	6.861061E-6	1.083939E-5	1.017735E-5	8.140594E-6
9.437183E-1	-7.874436E-6	-1.048379E-5	-1.066261E-5	-6.794929E-6	4.902152E-6	7.685356E-6	9.485483E-6	5.320008E-6
1.048576E+0	0.000000E+0	0.000000E+0	0.000000E+0	0.000000E+0	0.000000E+0	0.000000E+0	0.000000E+0	0.000000E+0
1.153433E+0	-2.370940E-6	5.192227E-6	5.344550E-6	3.443813E-7	6.356624E-6	7.206450E-6	9.176964E-6	6.197743E-6
1.258291E+0	-1.900725E-6	-1.702044E-6	7.285044E-8	-3.019969E-6	6.931278E-6	6.833396E-6	8.707152E-6	6.888120E-6
1.363149E+0	-2.211993E-6	-2.563000E-6	3.298126E-6	1.940461E-6	8.100017E-6	9.881251E-6	8.463044E-6	8.239113E-6
1.468006E+0	-6.417434E-6	-6.900893E-6	-6.039937E-6	-7.179049E-6	3.334902E-6	8.487971E-6	8.076601E-6	8.523309E-6
1.572864E+0	-1.245074E-6	-8.172459E-6	-9.556611E-6	-3.794829E-6	8.851259E-6	9.452952E-6	8.678772E-6	5.998424E-6
1.677721E+0	-4.006757E-6	1.072884E-6	-8.033382E-6	2.066293E-6	1.010301E-5	7.159811E-6	1.001785E-5	7.919608E-6
1.887437E+0	9.867882E-7	-6.900894E-6	-6.198883E-6	7.483699E-7	5.443130E-6	6.715131E-6	7.409958E-6	5.794490E-6
2.097152E+0	1.000034E-6	-1.298056E-6	-5.960460E-7	3.159046E-6	4.982752E-6	7.499598E-6	6.162767E-6	7.700670E-6
2.306867E+0	-1.069572E-5	-3.039837E-6	-1.116594E-5	8.212198E-7	5.251302E-6	7.218256E-6	8.239136E-6	5.571509E-6
2.516582E+0	-8.874482E-7	-9.781784E-6	-7.490318E-6	-4.457102E-6	6.376192E-6	8.232256E-6	1.054183E-5	5.528622E-6
2.726297E+0	-7.139311E-6	-6.973742E-6	-8.510220E-6	-2.900760E-6	4.195544E-6	9.262196E-6	5.547902E-6	4.008151E-6
2.936012E+0	-1.051028E-5	-4.927317E-6	-1.766284E-5	-1.000034E-6	6.176011E-6	6.683890E-6	7.619059E-6	6.226718E-6
3.145727E+0	-5.357796E-6	-3.231896E-6	-5.318058E-6	-4.861090E-6	4.670631E-6	6.393227E-6	6.669862E-6	5.399570E-6
3.355443E+0	-1.202027E-5	-7.894304E-6	-1.513958E-5	-2.006690E-6	7.034940E-6	6.293860E-6	1.049343E-5	5.384680E-6
3.774873E+0	-2.019936E-6	-7.636016E-6	-7.900929E-6	-4.165703E-6	4.007578E-6	7.283275E-6	8.481442E-6	6.089595E-6
4.194304E+0	-3.536542E-6	-5.477005E-6	-6.079674E-6	-6.622734E-7	4.182401E-6	6.031357E-6	6.514995E-6	4.083781E-6
4.613734E+0	-4.450480E-6	-3.940530E-6	-1.122554E-5	8.940691E-7	3.572980E-6	6.827785E-6	5.783375E-6	4.990058E-6
5.033164E+0	-5.854500E-6	-5.318059E-6	-9.927484E-6	3.556410E-6	5.537477E-6	5.654173E-6	6.977373E-6	4.775992E-6
5.452594E+0	-1.576211E-6	-1.192094E-6	-4.450481E-6	9.006925E-6	4.948443E-6	7.342300E-6	7.284919E-6	6.202889E-6
5.872025E+0	-1.296732E-5	-8.722147E-6	-1.722574E-5	-6.722080E-6	3.409934E-6	5.490669E-6	5.315527E-6	3.003746E-6
6.291455E+0	4.563067E-6	-1.536476E-6	-1.986820E-7	4.669031E-6	2.901969E-6	7.945391E-6	7.966014E-6	3.279475E-6
6.710885E+0	-1.397399E-6	-2.768305E-6	-9.503630E-6	2.973610E-6	4.120046E-6	4.693759E-6	5.322561E-6	4.186251E-6
7.549746E+0	-3.463692E-6	-7.457203E-6	-1.125203E-5	-9.006928E-7	2.318384E-6	5.986818E-6	6.007538E-6	5.401931E-6
8.388607E+0	-3.159046E-6	-5.404155E-6	-8.881092E-6	-2.861023E-6	3.702398E-6	4.963854E-6	6.326506E-6	2.998851E-6
9.227468E+0	-3.847810E-6	-5.245209E-6	-6.748570E-6	-3.907420E-7	5.083916E-6	4.096419E-6	7.457496E-6	4.626310E-6
1.006633E+1	-2.377564E-6	-5.006791E-6	-9.119510E-6	1.053016E-6	3.048969E-6	7.360496E-6	6.297778E-6	4.337782E-6
1.090519E+1	-2.556377E-6	-3.457069E-6	-7.119443E-6	2.450408E-7	3.081070E-6	6.227854E-6	7.137276E-6	4.608371E-6
1.174405E+1	-6.159147E-6	-2.317958E-6	-1.317263E-5	7.218786E-7	2.689833E-6	6.289517E-6	5.922494E-6	4.610426E-6
1.258291E+1	-9.748671E-6	-4.741880E-6	-1.176861E-5	-4.165702E-6	3.700573E-6	5.539404E-6	7.510764E-6	5.221538E-6
1.342177E+1	-3.688865E-6	-6.390943E-6	-1.215272E-5	-4.702147E-7	4.136890E-6	6.911796E-6	6.905501E-6	4.316647E-6
1.509949E+1	-3.152423E-6	-5.496872E-6	-8.020136E-6	-5.695559E-7	3.013744E-6	5.139955E-6	5.821583E-6	4.454515E-6
1.677721E+1	-6.702211E-6	-5.510118E-6	-1.046393E-5	-3.404087E-6	3.047944E-6	6.594655E-6	5.978485E-6	4.679866E-6
1.845494E+1	-6.722080E-6	-4.331271E-6	-8.463860E-6	-9.338064E-7	1.877041E-6	6.188391E-6	6.101799E-6	3.194646E-6
2.013266E+1	-5.284944E-6	-4.404120E-6	-1.213286E-5	8.145966E-7	3.914580E-6	5.706342E-6	6.013444E-6	3.752937E-6
2.181038E+1	-6.205505E-6	-7.894305E-6	-1.160966E-5	4.172333E-7	3.541442E-6	5.907605E-6	5.224621E-6	3.613927E-6
2.348810E+1	-5.450514E-6	-6.801553E-6	-9.894372E-6	-2.589490E-6	4.625595E-6	6.514665E-6	8.144157E-6	3.391274E-6
2.516582E+1	-5.735291E-6	-5.914105E-6	-1.016590E-5	-1.880858E-6	3.784944E-6	6.703725E-6	6.004970E-6	4.615856E-6
2.684354E+1	-6.675720E-6	-5.682308E-6	-1.033809E-5	-4.172316E-7	3.283519E-6	6.645391E-6	5.142559E-6	5.838357E-6
3.019898E+1	-5.967087E-6	-4.410744E-6	-1.004007E-5	1.589461E-7	2.822466E-6	5.923536E-6	5.798202E-6	4.068014E-6
3.355443E+1	-5.185604E-6	-6.470416E-6	-1.113282E-5	-3.443815E-7	2.456478E-6	5.734572E-6	6.290210E-6	4.116712E-6
3.690987E+1	-6.106164E-6	-7.675754E-6	-1.086129E-5	-2.662342E-6	3.350933E-6	5.650392E-6	6.667102E-6	3.507120E-6
4.026531E+1	-5.510117E-6	-5.331304E-6	-1.025862E-5	-6.821418E-7	2.295748E-6	5.841416E-6	6.450896E-6	4.862612E-6
4.362075E+1	-2.463658E-6	-5.291568E-6	-6.834665E-6	-5.298180E-8	2.726129E-6	5.711263E-6	6.367569E-6	4.049699E-6
4.697620E+1	-6.198884E-6	-4.476972E-6	-8.569822E-6	-1.814631E-6	3.281565E-6	6.208995E-6	6.612257E-6	5.311592E-6
5.033164E+1	-4.318026E-6	-6.655852E-6	-9.046660E-6	-1.324532E-8	2.535653E-6	6.289890E-6	6.603744E-6	4.720372E-6
5.368708E+1	-7.556544E-6	-4.609426E-6	-1.012617E-5	-2.125898E-6	2.133655E-6	6.455504E-6	5.557132E-6	4.781939E-6
6.039797E+1	-6.218751E-6	-7.384353E-6	-9.722180E-6	-1.668929E-6	2.459068E-6	6.699047E-6	6.298204E-6	4.139889E-6
6.710886E+1	-5.874369E-6	-7.145934E-6	-1.058314E-5	-2.099409E-6	3.060481E-6	6.340237E-6	6.217403E-6	4.452972E-6
7.381974E+1	-6.304847E-6	-7.258521E-6	-1.078182E-5	-2.854401E-6	3.595101E-6	6.392664E-6	5.504495E-6	4.427542E-6
8.053062E+1	-5.794896E-6	-6.238620E-6	-1.128515E-5	4.304778E-7	3.847255E-6	7.032843E-6	6.216712E-6	5.023701E-6
8.724151E+1	-6.390942E-6	-8.086363E-6	-1.285474E-5	-1.205338E-6	2.710570E-6	6.463982E-6	7.039344E-6	4.678635E-6
9.395239E+1	-6.967121E-6	-6.887648E-6	-1.165602E-5	-1.145734E-6	2.615567E-6	7.328134E-6	7.317912E-6	4.822482E-6
1.006633E+2	-7.543299E-6	-7.874436E-6	-1.128515E-5	-2.079541E-6	2.955495E-6	6.476638E-6	6.412019E-6	4.508427E-6
1.073742E+2	-5.947218E-6	-7.629395E-6	-1.119243E-5	-1.894103E-6	3.230109E-6	7.215514E-6	6.408822E-6	4.782917E-6
1.207959E+2	-8.165838E-6	-6.006823E-6	-1.184808E-5	-1.741780E-6	3.051777E-6	6.491472E-6	7.018725E-6	4.698159E-6
1.342177E+2	-7.450582E-6	-5.622705E-6	-1.161628E-5	-2.000067E-6	3.559905E-6	5.820955E-6	6.059166E-6	4.294719E-6
1.476395E+2	-6.318092E-6	-5.914105E-6	-1.091427E-5	-1.119243E-6	2.876949E-6	6.598601E-6	6.234992E-6	4.050043E-6
1.610612E+2	-4.245175E-6	-3.337859E-6	-8.285046E-6	9.934101E-7	2.986827E-6	6.277405E-6	6.016396E-6	4.219798E-6
1.744830E+2	-6.205505E-6	-7.285012E-6	-1.194742E-5	-1.072884E-6	3.282849E-6	6.120561E-6	6.861838E-6	4.555523E-6
1.879048E+2	-4.933939E-6	-5.265076E-6	-9.576479E-6	-8.874458E-7	3.481090E-6	5.595743E-6	6.176786E-6	3.456376E-6
2.013266E+2	-5.284945E-6	-5.880991E-6	-1.036459E-5	-2.914004E-6	2.974481E-6	6.163719E-6	6.023252E-6	3.961099E-6
2.147483E+2	-4.020003E-6	-3.649128E-6	-8.616183E-6	1.059639E-7	4.332867E-6	7.646249E-6	7.726189E-6	5.189046E-6
2.415919E+2	-1.111174E-1	-1.111172E-1	-1.111219E-1	-1.111126E-1	1.111106E-1	1.111110E-1	1.111101E-1	1.111083E-1
2.684354E+2	-1.000006E+0	-1.000006E+0	-1.000011E+0	-1.000001E+0	2.849756E-6	6.106099E-6	6.190180E-6	3.991882E-6
2.952790E+2	-1.000006E+0	-1.000006E+0	-1.000011E+0	-1.000001E+0	2.849756E-6	6.106099E-6	6.190180E-6	3.991882E-6
3.221225E+2	-1.000006E+0	-1.000006E+0	-1.000011E+0	-1.000001E+0	2.849756E-6	6.106099E-6	6.190180E-6	3.991882E-6
3.489660E+2	-1.000006E+0	-1.000006E+0	-1.000011E+0	-1.000001E+0	2.849756E-6	6.106099E-6	6.190180E-6	3.991882E-6
3.758096E+2	-1.000006E+0	-1.000006E+0	-1.000011E+0	-1.000001E+0	2.849756E-6	6.106099E-6	6.190180E-6	3.991882E-6
4.026531E+2	-1.000006E+0	-1.000006E+0	-1.000011E+0	-1.000001E+0	2.849756E-6	6.106099E-6	6.190180E-6	3.991882E-6
4.294966E+2	-1.000006E+0	-1.000006E+0	-1.000011E+0	-1.000001E+0	2.849756E-6	6.106099E-6	6.190180E-6	3.991882E-6
4.831837E+2	-1.000006E+0	-1.000006E+0	-1.000011E+0	-1.000001E+0	2.849756E-6	6.106099E-6	6.190180E-6	3.991882E-6
5.368708E+2	-1.000006E+0	-1.000006E+0	-1.000011E+0	-1.000001E+0	2.849756E-6	6.106099E-6	6.190180E-6	3.991882E-6
5.905579E+2	-1.000006E+0	-1.000006E+0	-1.000011E+0	-1.000001E+0	2.849756E-6	6.106099E-6	6.190180E-6	3.991882E-6
6.442450E+2	-1.000006E+0	-1.000006E+0	-1.000011E+0	-1.000001E+0	2.849756E-6	6.106099E-6	6.190180E-6	3.991882E-6
6.979321E+2	-1.000006E+0	-1.000006E+0	-1.000011E+0	-1.000001E+0	2.849756E-6	6.106099E-6	6.190180E-6	3.991882E-6
7.516191E+2	-1.000006E+0	-1.000006E+0	-1.000011E+0	-1.000001E+0	2.849756E-6	6.106099E-6	6.190180E-6	3.991882E-6
8.053062E+2	-1.000006E+0	-1.000006E+0	-1.000011E+0	-1.000001E+0	2.849756E-6	6.106099E-6	6.190180E-6	3.991882E-6
8.589933E+2	-1.000006E+0	-1.000006E+0	-1.000011E+0	-1.000001E+0	2.849756E-6	6.106099E-6	6.190180E-6	3.991882E-6
9.663675E+2	-1.000006E+0	-1.000006E+0	-1.000011E+0	-1.000001E+0	2.849756E-6	6.106099E-6	6.190180E-6	3.991882E-6
1.073742E+3	NaN	NaN	NaN	-1.000001E+0	NaN	NaN	NaN	3.991882E-6
1.181116E+3	-1.000006E+0	-1.000006E+0	-1.000011E+0	-1.000001E+0	2.849756E-6	6.106099E-6	6.190180E-6	3.991882E-6
1.288490E+3	-1.000006E+0	-1.000006E+0	-1.000011E+0	-1.000001E+0	2.849756E-6	6.106099E-6	6.190180E-6	3.991882E-6
1.395864E+3	-1.000006E+0	-1.000006E+0	-1.000011E+0	-1.000001E+0	2.849756E-6	6.106099E-6	6.190180E-6	3.991882E-6
1.503238E+3	-1.000006E+0	-1.000006E+0	-1.000011E+0	-1.000001E+0	2.849756E-6	6.106099E-6	6.190180E-6	3.991882E-6
1.610612E+3	-1.000006E+0	-1.000006E+0	-1.000011E+0	-1.000001E+0	2.849756E-6	6.106099E-6	6.190180E-6	3.991882E-6
1.717987E+3	-1.000006E+0	-1.000006E+0	-1.000011E+0	-1.000001E+0	2.849756E-6	6.106099E-6	6.190180E-6	3.991882E-6
1.932735E+3	-1.000006E+0	-1.000006E+0	-1.000011E+0	-1.000001E+0	2.849756E-6	6.106099E-6	6.190180E-6	3.991882E-6
2.147483E+3	-1.000006E+0	-1.000006E+0	-1.000011E+0	-1.000001E+0	2.849756E-6	6.106099E-6	6.190180E-6	3.991882E-6
2.362232E+3	-1.000006E+0	-1.000006E+0	-1.000011E+0	-1.000001E+0	2.849756E-6	6.106099E-6	6.190180E-6	3.991882E-6
2.576980E+3	-1.000006E+0	-1.000006E+0	-1.000011E+0	-1.000001E+0	2.849756E-6	6.106099E-6	6.190180E-6	3.991882E-6
2.791728E+3	-1.000006E+0	-1.000006E+0	-1.000011E+0	-1.000001E+0	2.849756E-6	6.106099E-6	6.190180E-6	3.991882E-6
3.006477E+3	-1.000006E+0	-1.000006E+0	-1.000011E+0	-1.000001E+0	2.849756E-6	6.106099E-6	6.190180E-6	3.991882E-6
3.221225E+3	-1.000006E+0	-1.000006E+0	-1.000011E+0	-1.000001E+0	2.849756E-6	6.106099E-6	6.190180E-6	3.991882E-6
3.435973E+3	-1.000006E+0	-1.000006E+0	-1.000011E+0	-1.000001E+0	2.849756E-6	6.106099E-6	6.190180E-6	3.991882E-6
3.865470E+3	-1.000006E+0	-1.000006E+0	-1.000011E+0	-1.000001E+0	2.849756E-6	6.106099E-6	6.190180E-6	3.991882E-6
4.294967E+3	-1.000006E+0	-1.000006E+0	-1.000011E+0	-1.000001E+0	2.849756E-6	6.106099E-6	6.190180E-6	3.991882E-6
4.724463E+3	-1.000006E+0	-1.000006E+0	-1.000011E+0	-1.000001E+0	2.849756E-6	6.106099E-6	6.190180E-6	3.991882E-6
5.153960E+3	-1.000006E+0	-1.000006E+0	-1.000011E+0	-1.000001E+0	2.849756E-6	6.106099E-6	6.190180E-6	3.991882E-6
5.583457E+3	-1.000006E+0	-1.000006E+0	-1.000011E+0	-1.000001E+0	2.849756E-6	6.106099E-6	6.190180E-6	3.991882E-6
6.012953E+3	-1.000006E+0	-1.000006E+0	-1.000011E+0	-1.000001E+0	2.849756E-6	6.106099E-6	6.190180E-6	3.991882E-6
6.442450E+3	-1.000006E+0	-1.000006E+0	-1.000011E+0	-1.000001E+0	2.849756E-6	6.106099E-6	6.190180E-6	3.991882E-6
6.871946E+3	-1.000006E+0	-1.000006E+0	-1.000011E+0	-1.000001E+0	2.849756E-6	6.106099E-6	6.190180E-6	3.991882E-6
