1.0e-9 0.9999848694323461 0.9999872619945468 0.9999804827929909 0.9999889261003464 2.2299702087987603e-6 2.2299702087987603e-6 2.2299702087987603e-6 2.2299702087987603e-6
2.0e-9 0.9999740178588956 0.9999748340054622 0.9999730154870087 0.9999711466391409 2.2299554648545165e-6 2.2299554648545165e-6 2.2299554648545165e-6 2.2299554648545165e-6
3.0000000000000004e-9 0.9999613076497497 0.9999584181644182 0.9999606016102504 0.9999568215532262 2.229940722119952e-6 2.229940722119952e-6 2.229940722119952e-6 2.229940722119952e-6
4.0e-9 0.9999481625077502 0.9999479557552312 0.999944803951938 0.9999456216896486 2.229925980594943e-6 2.229925980594943e-6 2.229925980594943e-6 2.229925980594943e-6
5.0e-9 0.99993750134101 0.9999347902428655 0.9999311171013158 0.9999376629036884 2.2299112402793656e-6 2.2299112402793656e-6 2.2299112402793656e-6 2.2299112402793656e-6
6.000000000000001e-9 0.9999212949120992 0.9999225592023475 0.9999220725585377 0.9999205587728714 2.229896501173097e-6 2.229896501173097e-6 2.229896501173097e-6 2.229896501173097e-6
7.000000000000001e-9 0.999910346670657 0.9999101641394994 0.9999079319022648 0.9999071375793291 2.229881763276015e-6 2.229881763276015e-6 2.229881763276015e-6 2.229881763276015e-6
8.0e-9 0.9998941903854407 0.999893971840615 0.9998951133705971 0.9998972308767132 2.2298670265879955e-6 2.2298670265879955e-6 2.2298670265879955e-6 2.2298670265879955e-6
9.000000000000001e-9 0.9998821939144488 0.9998812313590977 0.9998780174687248 0.9998800213695491 2.2298522911089156e-6 2.2298522911089156e-6 2.2298522911089156e-6 2.2298522911089156e-6
1.0e-8 0.9998683730626816 0.9998626841938552 0.9998674485704401 0.9998664129083421 2.2298375568386517e-6 2.2298375568386517e-6 2.2298375568386517e-6 2.2298375568386517e-6
1.1000000000000001e-8 0.9998543230656115 0.9998547468336544 0.9998533691520236 0.9998506967653275 2.2298228237770817e-6 2.2298228237770817e-6 2.2298228237770817e-6 2.2298228237770817e-6
1.2000000000000002e-8 0.9998397783170314 0.9998442594557226 0.9998436317487571 0.9998408070478648 2.229808091924083e-6 2.229808091924083e-6 2.229808091924083e-6 2.229808091924083e-6
1.3e-8 0.9998276889411603 0.9998270780984106 0.9998333470655718 0.9998274355078465 2.22979336127953e-6 2.22979336127953e-6 2.22979336127953e-6 2.22979336127953e-6
1.4000000000000001e-8 0.9998139096137545 0.9998183307157843 0.9998151363302902 0.9998114118307999 2.229778631843302e-6 2.229778631843302e-6 2.229778631843302e-6 2.229778631843302e-6
1.5000000000000002e-8 0.9998052777733502 0.9998029971915435 0.9998037866405489 0.9997974388507462 2.229763903615275e-6 2.229763903615275e-6 2.229763903615275e-6 2.229763903615275e-6
1.6e-8 0.9997899061851346 0.9997879332322103 0.9997917644513838 0.9997843137591449 2.2297491765953275e-6 2.2297491765953275e-6 2.2297491765953275e-6 2.2297491765953275e-6
1.7e-8 0.999775492593145 0.9997766332513017 0.9997751687632401 0.999774808842423 2.229734450783334e-6 2.229734450783334e-6 2.229734450783334e-6 2.229734450783334e-6
1.8000000000000002e-8 0.9997587389199282 0.9997639374792531 0.9997611648936358 0.9997644940501987 2.2297197261791727e-6 2.2297197261791727e-6 2.2297197261791727e-6 2.2297197261791727e-6
1.9e-8 0.9997519498803641 0.9997516874787313 0.999749087606236 0.9997491006047178 2.2297050027827213e-6 2.2297050027827213e-6 2.2297050027827213e-6 2.2297050027827213e-6
2.0e-8 0.999734638771645 0.9997336593804736 0.9997369626688486 0.9997381413556655 2.229690280593856e-6 2.229690280593856e-6 2.229690280593856e-6 2.229690280593856e-6
2.1000000000000003e-8 0.9997174962123361 0.9997211536818768 0.9997204821633138 0.9997174840301771 2.2296755596124548e-6 2.2296755596124548e-6 2.2296755596124548e-6 2.2296755596124548e-6
2.2000000000000002e-8 0.9997100245246755 0.9997118475612549 0.9997103199192391 0.9997098435568571 2.2296608398383927e-6 2.2296608398383927e-6 2.2296608398383927e-6 2.2296608398383927e-6
2.3e-8 0.9996945364133155 0.9997006398903816 0.9996982276407174 0.9996968616444853 2.2296461212715496e-6 2.2296461212715496e-6 2.2296461212715496e-6 2.2296461212715496e-6
2.4000000000000003e-8 0.9996817122945948 0.9996849347717499 0.9996831000174115 0.9996846372322401 2.2296314039118e-6 2.2296314039118e-6 2.2296314039118e-6 2.2296314039118e-6
2.5000000000000002e-8 0.9996704274686501 0.9996694395226925 0.9996714870016371 0.9996717650582652 2.229616687759023e-6 2.229616687759023e-6 2.229616687759023e-6 2.229616687759023e-6
2.6e-8 0.9996578625154401 0.9996544315413134 0.999658236536023 0.9996606868414923 2.2296019728130934e-6 2.2296019728130934e-6 2.2296019728130934e-6 2.2296019728130934e-6
2.7e-8 0.9996461422572549 0.9996440007702159 0.999644704429813 0.9996401041371228 2.229587259073891e-6 2.229587259073891e-6 2.229587259073891e-6 2.229587259073891e-6
2.8000000000000003e-8 0.9996275598325756 0.9996294775921986 0.9996341318992902 0.9996292931570785 2.2295725465412917e-6 2.2295725465412917e-6 2.2295725465412917e-6 2.2295725465412917e-6
2.9e-8 0.9996148888922028 0.9996172661558249 0.9996185631005973 0.9996182229283457 2.2295578352151725e-6 2.2295578352151725e-6 2.2295578352151725e-6 2.2295578352151725e-6
3.0000000000000004e-8 0.999605048640592 0.9996033669008481 0.9996057144637162 0.999599571359328 2.2295431250954103e-6 2.2295431250954103e-6 2.2295431250954103e-6 2.2295431250954103e-6
3.1e-8 0.9995896254651243 0.9995895386168178 0.999588888793935 0.9995932470226353 2.229528416181883e-6 2.229528416181883e-6 2.229528416181883e-6 2.229528416181883e-6
3.2e-8 0.9995768133921419 0.9995742557691008 0.9995807021069124 0.9995748426908153 2.229513708474468e-6 2.229513708474468e-6 2.229513708474468e-6 2.229513708474468e-6
3.3000000000000004e-8 0.9995632477989956 0.9995649841930946 0.9995606851221206 0.9995606770245978 2.2294990019730415e-6 2.2294990019730415e-6 2.2294990019730415e-6 2.2294990019730415e-6
3.4e-8 0.9995483586777942 0.9995520321590976 0.9995530623617105 0.9995497279333112 2.22948429667748e-6 2.22948429667748e-6 2.22948429667748e-6 2.22948429667748e-6
3.5e-8 0.9995405282044948 0.9995328809770703 0.9995414323180152 0.9995410246111942 2.2294695925876636e-6 2.2294695925876636e-6 2.2294695925876636e-6 2.2294695925876636e-6
3.6000000000000005e-8 0.999525414809753 0.9995227737446378 0.9995255170496042 0.9995223401121239 2.229454889703468e-6 2.229454889703468e-6 2.229454889703468e-6 2.229454889703468e-6
3.7e-8 0.9995133420117766 0.9995088718895301 0.9995083272754667 0.9995097341701074 2.229440188024769e-6 2.229440188024769e-6 2.229440188024769e-6 2.229440188024769e-6
3.8e-8 0.999496870231193 0.9994977622921254 0.9994988363527023 0.9994969927235101 2.229425487551446e-6 2.229425487551446e-6 2.229425487551446e-6 2.229425487551446e-6
3.9000000000000005e-8 0.9994826566382399 0.9994817187106254 0.9994826026296685 0.999487770622483 2.229410788283375e-6 2.229410788283375e-6 2.229410788283375e-6 2.229410788283375e-6
4.0e-8 0.9994706207157442 0.9994725549709695 0.9994681006720946 0.9994692340618763 2.229396090220434e-6 2.229396090220434e-6 2.229396090220434e-6 2.229396090220434e-6
4.1e-8 0.999455958978504 0.9994546130412687 0.9994616528072438 0.9994571932838088 2.2293813933625e-6 2.2293813933625e-6 2.2293813933625e-6 2.2293813933625e-6
4.2000000000000006e-8 0.9994488816659893 0.9994454866936096 0.9994423904279858 0.9994469056760071 2.2293666977094506e-6 2.2293666977094506e-6 2.2293666977094506e-6 2.2293666977094506e-6
4.3e-8 0.9994309292491523 0.9994351517852109 0.999427569209719 0.9994304460991218 2.2293520032611625e-6 2.2293520032611625e-6 2.2293520032611625e-6 2.2293520032611625e-6
4.4000000000000004e-8 0.9994164763312494 0.9994203418349541 0.9994175322019718 0.9994192402295173 2.229337310017514e-6 2.229337310017514e-6 2.229337310017514e-6 2.229337310017514e-6
4.5000000000000006e-8 0.9994102065659756 0.9994072388848231 0.9994073982808445 0.9994051484262088 2.2293226179783817e-6 2.2293226179783817e-6 2.2293226179783817e-6 2.2293226179783817e-6
4.6e-8 0.9993925739997813 0.9993931123653285 0.9993889713390581 0.9993932183107149 2.229307927143643e-6 2.229307927143643e-6 2.229307927143643e-6 2.229307927143643e-6
4.7000000000000004e-8 0.9993796433891436 0.9993792637496867 0.9993805142121598 0.9993823040756283 2.2292932375131752e-6 2.2292932375131752e-6 2.2292932375131752e-6 2.2292932375131752e-6
4.8000000000000006e-8 0.9993698929203061 0.9993650531972754 0.9993659932974179 0.9993642461892379 2.229278549086857e-6 2.229278549086857e-6 2.229278549086857e-6 2.229278549086857e-6
4.9e-8 0.9993554407010292 0.9993506338865632 0.999354732691166 0.999354959635315 2.2292638618645636e-6 2.2292638618645636e-6 2.2292638618645636e-6 2.2292638618645636e-6
5.2e-8 0.9993152311368777 0.9993153700393198 0.9993152803265191 0.9993136439461172 2.229219807420615e-6 2.229219807420615e-6 2.229219807420615e-6 2.229219807420615e-6
5.6000000000000005e-8 0.9992611401400844 0.9992629597568811 0.9992619201467292 0.9992601751980962 2.2291610850109436e-6 2.2291610850109436e-6 2.2291610850109436e-6 2.2291610850109436e-6
6.000000000000001e-8 0.9992094261606047 0.9992089004889487 0.9992096462768926 0.9992100336409188 2.2291023818500044e-6 2.2291023818500044e-6 2.2291023818500044e-6 2.2291023818500044e-6
6.4e-8 0.9991539931800911 0.9991530259520351 0.9991546798779727 0.999153822939341 2.2290436979299572e-6 2.2290436979299572e-6 2.2290436979299572e-6 2.2290436979299572e-6
6.900000000000001e-8 0.9990890793350217 0.9990944013185864 0.9990906667521449 0.9990944612063901 2.2289703700754694e-6 2.2289703700754694e-6 2.2289703700754694e-6 2.2289703700754694e-6
7.3e-8 0.9990408212072576 0.9990389923498368 0.9990362430174298 0.9990378257024232 2.2289117294187913e-6 2.2289117294187913e-6 2.2289117294187913e-6 2.2289117294187913e-6
7.9e-8 0.9989577109648314 0.9989638137012831 0.9989579577860876 0.9989561010907069 2.2288238044602884e-6 2.2288238044602884e-6 2.2288238044602884e-6 2.2288238044602884e-6
8.400000000000001e-8 0.9988885851393493 0.9988934614709697 0.9988934162636629 0.9988929651178158 2.2287505666690304e-6 2.2287505666690304e-6 2.2287505666690304e-6 2.2287505666690304e-6
9.000000000000001e-8 0.9988135548545439 0.9988182677453508 0.9988115762663698 0.9988157918585671 2.2286627209056703e-6 2.2286627209056703e-6 2.2286627209056703e-6 2.2286627209056703e-6
9.600000000000001e-8 0.9987346429802856 0.9987314847901158 0.9987358257255781 0.9987291299861492 2.2285749183022938e-6 2.2285749183022938e-6 2.2285749183022938e-6 2.2285749183022938e-6
1.0300000000000001e-7 0.9986419908935104 0.9986458231729995 0.9986440106788423 0.9986427224992148 2.2284725364459517e-6 2.2284725364459517e-6 2.2284725364459517e-6 2.2284725364459517e-6
1.1e-7 0.998550730141103 0.9985515315629342 0.9985521100353904 0.998550431834552 2.228370213257445e-6 2.228370213257445e-6 2.228370213257445e-6 2.228370213257445e-6
1.1800000000000001e-7 0.9984466160417776 0.9984450598543301 0.9984448243444848 0.998445380836766 2.2282533442551344e-6 2.2282533442551344e-6 2.2282533442551344e-6 2.2282533442551344e-6
1.2600000000000002e-7 0.9983410622265507 0.9983421713673484 0.9983403612486799 0.9983411806289018 2.2281365517632762e-6 2.2281365517632762e-6 2.2281365517632762e-6 2.2281365517632762e-6
1.35e-7 0.9982281593968545 0.9982263917590712 0.998224127516339 0.9982258009096331 2.2280052515862825e-6 2.2280052515862825e-6 2.2280052515862825e-6 2.2280052515862825e-6
1.4500000000000001e-7 0.998090465610241 0.9980913811816061 0.998090764840873 0.9980929693405478 2.2278594758707117e-6 2.2278594758707117e-6 2.2278594758707117e-6 2.2278594758707117e-6
1.55e-7 0.9979606890165389 0.9979594622560738 0.9979633128450759 0.9979592220778318 2.2277138193745827e-6 2.2277138193745827e-6 2.2277138193745827e-6 2.2277138193745827e-6
1.65e-7 0.9978343516490035 0.9978288383149568 0.9978286447001015 0.9978338306012713 2.2275682819765927e-6 2.2275682819765927e-6 2.2275682819765927e-6 2.2275682819765927e-6
1.77e-7 0.9976780424162878 0.9976759651114838 0.9976733858951204 0.9976746521754354 2.2273937941379408e-6 2.2273937941379408e-6 2.2273937941379408e-6 2.2273937941379408e-6
1.89e-7 0.9975174523248616 0.9975245101678575 0.9975201630544979 0.9975201033038942 2.2272194774169654e-6 2.2272194774169654e-6 2.2272194774169654e-6 2.2272194774169654e-6
2.02e-7 0.9973509648710697 0.9973473930951122 0.9973496292215376 0.9973546053984335 2.2270308271618453e-6 2.2270308271618453e-6 2.2270308271618453e-6 2.2270308271618453e-6
2.1700000000000002e-7 0.9971558331971514 0.9971519534959719 0.9971518370656336 0.9971553551824939 2.226813402686043e-6 2.226813402686043e-6 2.226813402686043e-6 2.226813402686043e-6
2.32e-7 0.9969597077310434 0.996959338864476 0.9969620375931594 0.9969559370130799 2.226596244495201e-6 2.226596244495201e-6 2.226596244495201e-6 2.226596244495201e-6
2.48e-7 0.9967521402516548 0.996749478489445 0.9967524310115382 0.9967523294612002 2.226364902139114e-6 2.226364902139114e-6 2.226364902139114e-6 2.226364902139114e-6
2.65e-7 0.996530776412642 0.9965309722882368 0.9965336352588838 0.9965325014744967 2.2261194317973164e-6 2.2261194317973164e-6 2.2261194317973164e-6 2.2261194317973164e-6
2.8300000000000003e-7 0.9963003056399353 0.9962980312228357 0.9962987890365311 0.9963003101989711 2.2258598929931147e-6 2.2258598929931147e-6 2.2258598929931147e-6 2.2258598929931147e-6
3.03e-7 0.996045789225538 0.9960416182674615 0.9960453001785545 0.9960449699230779 2.22557196322848e-6 2.22557196322848e-6 2.22557196322848e-6 2.22557196322848e-6
3.2400000000000004e-7 0.9957686037442594 0.9957700664155312 0.9957693683136002 0.9957695059845665 2.2252701420102533e-6 2.2252701420102533e-6 2.2252701420102533e-6 2.2252701420102533e-6
3.47e-7 0.995474726617772 0.9954736778976543 0.9954761024925475 0.9954764758403961 2.2249401682330646e-6 2.2249401682330646e-6 2.2249401682330646e-6 2.2249401682330646e-6
3.7100000000000003e-7 0.9951700538427161 0.9951668359874318 0.9951657523327008 0.9951694056573133 2.2245965064619926e-6 2.2245965064619926e-6 2.2245965064619926e-6 2.2245965064619926e-6
3.97e-7 0.9948362898603264 0.9948308958342124 0.9948343857587262 0.99483287761365 2.2242249634635005e-6 2.2242249634635005e-6 2.2242249634635005e-6 2.2242249634635005e-6
4.2400000000000004e-7 0.9944875909012375 0.994488863690553 0.9944902338359095 0.9944883252473151 2.2238399617367952e-6 2.2238399617367952e-6 2.2238399617367952e-6 2.2238399617367952e-6
4.54e-7 0.9941016282414857 0.9941105772125266 0.9941046621639437 0.9941072321776772 2.223413172729042e-6 2.223413172729042e-6 2.223413172729042e-6 2.223413172729042e-6
4.85e-7 0.9937125636741193 0.9937105673294998 0.9937139652642143 0.9937122221135667 2.2229732497070654e-6 2.2229732497070654e-6 2.2229732497070654e-6 2.2229732497070654e-6
5.19e-7 0.9932815808686519 0.9932781005920902 0.9932779333915203 0.9932763192712645 2.222492025931111e-6 2.222492025931111e-6 2.222492025931111e-6 2.222492025931111e-6
5.550000000000001e-7 0.9928231872218044 0.9928214193604122 0.9928233114374918 0.9928238110176221 2.2219839408420975e-6 2.2219839408420975e-6 2.2219839408420975e-6 2.2219839408420975e-6
5.930000000000001e-7 0.9923447752787519 0.9923442432597911 0.9923498370222242 0.9923462605703495 2.2214492364218045e-6 2.2214492364218045e-6 2.2214492364218045e-6 2.2214492364218045e-6
6.340000000000001e-7 0.9918296281005143 0.9918282979006697 0.9918280315605194 0.9918310549621184 2.2208741630216537e-6 2.2208741630216537e-6 2.2208741630216537e-6 2.2208741630216537e-6
6.78e-7 0.9912781217104851 0.9912744242257765 0.9912774481681098 0.9912737986086216 2.220259132049879e-6 2.220259132049879e-6 2.220259132049879e-6 2.220259132049879e-6
7.26e-7 0.9906764621622189 0.9906791739910881 0.9906788592041393 0.9906751176318638 2.2195906822370593e-6 2.2195906822370593e-6 2.2195906822370593e-6 2.2195906822370593e-6
7.760000000000001e-7 0.9900504906025603 0.9900552413592696 0.9900557695354493 0.9900544048184078 2.2188971333730724e-6 2.2188971333730724e-6 2.2188971333730724e-6 2.2188971333730724e-6
8.300000000000001e-7 0.9893868493516493 0.9893861341673538 0.9893872429236632 0.9893858109531333 2.2181512396871945e-6 2.2181512396871945e-6 2.2181512396871945e-6 2.2181512396871945e-6
8.87e-7 0.9886864921242434 0.9886820950043128 0.9886860781659677 0.9886853403404924 2.2173674247206947e-6 2.2173674247206947e-6 2.2173674247206947e-6 2.2173674247206947e-6
9.49e-7 0.9879212668934131 0.9879209435135287 0.9879239329008024 0.9879250443413921 2.2165189315992246e-6 2.2165189315992246e-6 2.2165189315992246e-6 2.2165189315992246e-6
1.015e-6 0.9871182834837607 0.9871137327613702 0.9871193880634206 0.9871147963114189 2.215620336700248e-6 2.215620336700248e-6 2.215620336700248e-6 2.215620336700248e-6
1.085e-6 0.9862699658750331 0.9862684884357448 0.9862688342411342 0.9862656139167614 2.2146724750096498e-6 2.2146724750096498e-6 2.2146724750096498e-6 2.2146724750096498e-6
1.1600000000000001e-6 0.9853602892050017 0.9853607119416039 0.9853601380834844 0.9853589011224885 2.213662799360044e-6 2.213662799360044e-6 2.213662799360044e-6 2.213662799360044e-6
1.241e-6 0.984390334941748 0.9843918831619611 0.9843879620480389 0.9843901184086429 2.212579141754201e-6 2.212579141754201e-6 2.212579141754201e-6 2.212579141754201e-6
1.3270000000000002e-6 0.9833656686183553 0.9833583349964699 0.9833641104149454 0.9833594574430136 2.2114362485397958e-6 2.2114362485397958e-6 2.2114362485397958e-6 2.2114362485397958e-6
1.419e-6 0.9822730984340504 0.9822736948701305 0.9822751623887733 0.9822771575604903 2.2102222729107632e-6 2.2102222729107632e-6 2.2102222729107632e-6 2.2102222729107632e-6
1.517e-6 0.9811265231607961 0.9811233943517218 0.9811286035084859 0.9811223712709563 3.1239113135659867e-6 3.1239113135659867e-6 3.1239113135659867e-6 3.1239113135659867e-6
1.622e-6 0.9798968477740144 0.9798983147828093 0.9799013754405821 0.9799013292457489 3.121982295366469e-6 3.121982295366469e-6 3.121982295366469e-6 3.121982295366469e-6
1.7350000000000001e-6 0.9785977259214097 0.9785963826598942 0.9785974525771635 0.9785967034009024 3.119924170634901e-6 3.119924170634901e-6 3.119924170634901e-6 3.119924170634901e-6
1.855e-6 0.9772220636846309 0.9772176025277477 0.977222495227614 0.977223177847185 3.117758599354739e-6 3.117758599354739e-6 3.117758599354739e-6 3.117758599354739e-6
1.984e-6 0.9757563443086142 0.975765156243138 0.9757570501190126 0.9757597642384599 3.115453361299561e-6 3.115453361299561e-6 3.115453361299561e-6 3.115453361299561e-6
2.121e-6 0.9742198620961656 0.9742180412212739 0.9742237828682427 0.9742220710945374 3.1130306395337197e-6 3.1130306395337197e-6 3.1130306395337197e-6 3.1130306395337197e-6
2.268e-6 0.9725928179711298 0.9725950772168724 0.9725961711280916 0.9725917261810224 3.110459858220787e-6 3.110459858220787e-6 3.110459858220787e-6 3.110459858220787e-6
2.425e-6 0.9708713581962419 0.9708763495969354 0.9708809185640206 0.9708724873212855 3.107746611033763e-6 3.107746611033763e-6 3.107746611033763e-6 3.107746611033763e-6
2.593e-6 0.9690554326203147 0.9690580707438731 0.9690578744998214 0.9690566508679407 3.8026855642705827e-6 3.8026855642705827e-6 3.8026855642705827e-6 3.8026855642705827e-6
2.773e-6 0.9671387365882329 0.9671315869228153 0.9671310818701675 0.9671318085254361 3.7989740232980127e-6 3.7989740232980127e-6 3.7989740232980127e-6 3.7989740232980127e-6
2.965e-6 0.9651136712764692 0.9651077021400118 0.9651144554029506 0.9651132119719747 3.7950714923976094e-6 3.7950714923976094e-6 3.7950714923976094e-6 3.7950714923976094e-6
3.1710000000000002e-6 0.9629741736067372 0.9629789920818501 0.9629785684586121 0.9629720679371719 3.790947944676089e-6 3.790947944676089e-6 3.790947944676089e-6 3.790947944676089e-6
3.3910000000000002e-6 0.960724369041791 0.9607272861677429 0.9607381245373361 0.9607347372345431 3.7866152920438605e-6 3.7866152920438605e-6 3.7866152920438605e-6 3.7866152920438605e-6
3.626e-6 0.9583775255001894 0.9583797481118832 0.9583779375549255 0.9583772787986092 4.367154340307e-6 4.367154340307e-6 4.367154340307e-6 4.367154340307e-6
3.877e-6 0.9559098191344132 0.9559163815396776 0.9559075480830751 0.9559066441609632 4.361646453765578e-6 4.361646453765578e-6 4.361646453765578e-6 4.361646453765578e-6
4.146000000000001e-6 0.9533206209629613 0.9533097040340099 0.9533123929758355 0.9533075218200429 4.35585771328322e-6 4.35585771328322e-6 4.35585771328322e-6 4.35585771328322e-6
4.433000000000001e-6 0.9506068953813455 0.9505953029587513 0.9506056953550093 0.9505947606013936 4.349808332874428e-6 4.349808332874428e-6 4.349808332874428e-6 4.349808332874428e-6
4.74e-6 0.9477622296698348 0.9477642348955221 0.9477616749303593 0.947763092554433 4.856156091613365e-6 4.856156091613365e-6 4.856156091613365e-6 4.856156091613365e-6
5.069e-6 0.9447900422923827 0.9447829940238709 0.9447856085300301 0.9447907031491827 4.848746374975751e-6 4.848746374975751e-6 4.848746374975751e-6 4.848746374975751e-6
5.420000000000001e-6 0.9417005069852131 0.941701623795841 0.9416901067870938 0.9416939634045153 4.84103420794729e-6 4.84103420794729e-6 4.84103420794729e-6 4.84103420794729e-6
5.795e-6 0.9384707078171788 0.9384713086651637 0.9384750562396406 0.9384779828855386 5.29429416355059e-6 5.29429416355059e-6 5.29429416355059e-6 5.29429416355059e-6
6.197e-6 0.9351166224037152 0.935117618705403 0.9351177643198025 0.9351154529273358 5.285125127500619e-6 5.285125127500619e-6 5.285125127500619e-6 5.285125127500619e-6
6.626000000000001e-6 0.9316371897484759 0.9316316062116015 0.9316357393832739 0.9316272883335979 5.698323208774021e-6 5.698323208774021e-6 5.698323208774021e-6 5.698323208774021e-6
7.0860000000000004e-6 0.9280238585083351 0.9280205901140502 0.9280087589776322 0.9280317442021698 5.68765162513884e-6 5.68765162513884e-6 5.68765162513884e-6 5.68765162513884e-6
7.5770000000000005e-6 0.9242898524399563 0.924278582715254 0.9242739592393003 0.924284325043225 6.068568033217854e-6 6.068568033217854e-6 6.068568033217854e-6 6.068568033217854e-6
8.102e-6 0.9204168139811756 0.9204243522456071 0.9204237890180351 0.9204185029886763 6.056388488029003e-6 6.056388488029003e-6 6.056388488029003e-6 6.056388488029003e-6
8.663e-6 0.9164475543931567 0.916440669018668 0.9164397473322617 0.9164352014471107 6.410453231676619e-6 6.410453231676619e-6 6.410453231676619e-6 6.410453231676619e-6
9.263000000000001e-6 0.9123320250324608 0.9123373986827679 0.9123320304407583 0.9123255419692703 6.396737490976568e-6 6.396737490976568e-6 6.396737490976568e-6 6.396737490976568e-6
9.905000000000001e-6 0.9081098827138046 0.9081382098384273 0.9081216254541851 0.9081153406130188 6.727882402885551e-6 6.727882402885551e-6 6.727882402885551e-6 6.727882402885551e-6
1.0592000000000001e-5 0.903802817415349 0.9037989138404573 0.9037866331769004 0.9037953509556075 7.040247118543745e-6 7.040247118543745e-6 7.040247118543745e-6 7.040247118543745e-6
1.1326000000000001e-5 0.8993589771108395 0.8993704666598117 0.8993523387364466 0.8993650826346549 7.023855772996511e-6 7.023855772996511e-6 7.023855772996511e-6 7.023855772996511e-6
1.2110000000000001e-5 0.8948348585866301 0.8948405731308775 0.894825918512155 0.8948321654704354 7.31868938758934e-6 7.31868938758934e-6 7.31868938758934e-6 7.31868938758934e-6
1.2949000000000001e-5 0.8902099921911278 0.8902085794872718 0.890212744532125 0.8901976715013046 7.598932866761827e-6 7.598932866761827e-6 7.598932866761827e-6 7.598932866761827e-6
1.3847000000000001e-5 0.8854662660568022 0.8854859156373897 0.8854852913354296 0.8854846894091601 7.866087636173421e-6 7.866087636173421e-6 7.866087636173421e-6 7.866087636173421e-6
1.4806e-5 0.8806844934102489 0.8806757096994127 0.8806933042230124 0.8806760141915287 8.121441966835932e-6 8.121441966835932e-6 8.121441966835932e-6 8.121441966835932e-6
1.5832e-5 0.8757867180746581 0.8757762984991471 0.8757924336855429 0.8757923369026531 8.366001680042277e-6 8.366001680042277e-6 8.366001680042277e-6 8.366001680042277e-6
1.6929e-5 0.8708356423825483 0.8708412243561551 0.8708412416354698 0.870855930799624 8.600660994982111e-6 8.600660994982111e-6 8.600660994982111e-6 8.600660994982111e-6
1.8102e-5 0.8657919965051014 0.8658016777421412 0.8658041566220217 0.8657999195718856 8.826169156002951e-6 8.826169156002951e-6 8.826169156002951e-6 8.826169156002951e-6
1.9356000000000002e-5 0.860669068179659 0.8606813467305028 0.8606803670733116 0.8606689133221173 9.043173771416118e-6 9.043173771416118e-6 9.043173771416118e-6 9.043173771416118e-6
2.0698e-5 0.8554799345750373 0.8554856698125687 0.8555005093955721 0.8554961239758414 9.480682914352164e-6 9.480682914352164e-6 9.480682914352164e-6 9.480682914352164e-6
2.2132e-5 0.8502108097561182 0.8502090845740373 0.8502083855294859 0.8502060144904711 9.676226306463964e-6 9.676226306463964e-6 9.676226306463964e-6 9.676226306463964e-6
2.3665e-5 0.8448644166696525 0.8448507399510499 0.84486317768804 0.8448686446821952 1.0077246232194758e-5 1.0077246232194758e-5 1.0077246232194758e-5 1.0077246232194758e-5
2.5305000000000003e-5 0.8394109783488822 0.8394078893603628 0.8394240825823763 0.8394298553676802 1.0254674432115765e-5 1.0254674432115765e-5 1.0254674432115765e-5 1.0254674432115765e-5
2.7058e-5 0.8338587915244469 0.8338830393552212 0.8338650304655193 0.8338415179317149 1.0624829833424926e-5 1.0624829833424926e-5 1.0624829833424926e-5 1.0624829833424926e-5
2.8933000000000002e-5 0.8282162566499673 0.8281916008073823 0.8282158714915946 0.8282023489546794 1.0977310721972048e-5 1.0977310721972048e-5 1.0977310721972048e-5 1.0977310721972048e-5
3.0938e-5 0.8224237753021101 0.8224043043078788 0.8224199200576717 0.8223970155619981 1.1313575800033951e-5 1.1313575800033951e-5 1.1313575800033951e-5 1.1313575800033951e-5
3.3081000000000004e-5 0.8164925248286998 0.8164832045692977 0.816489368326745 0.8164790266547189 1.1634820343343511e-5 1.1634820343343511e-5 1.1634820343343511e-5 1.1634820343343511e-5
3.5373e-5 0.8103958600650126 0.8103770266094089 0.8103866482769824 0.8103875269235683 1.1941977107005493e-5 1.1941977107005493e-5 1.1941977107005493e-5 1.1941977107005493e-5
3.7824e-5 0.804096322706289 0.804089443602716 0.804097025662581 0.804106536150397 1.240007395342404e-5 1.240007395342404e-5 1.240007395342404e-5 1.240007395342404e-5
4.0445e-5 0.7976294177645042 0.7976050691086146 0.7976148026774066 0.7976128507837633 1.267645658458382e-5 1.267645658458382e-5 1.267645658458382e-5 1.267645658458382e-5
4.3247e-5 0.7909102865852534 0.7909089210711725 0.7909118556165858 0.7908961672304772 1.3094146258065734e-5 1.3094146258065734e-5 1.3094146258065734e-5 1.3094146258065734e-5
4.6244e-5 0.7839466325811958 0.7839284119166455 0.7839237891685595 0.7839100130217354 1.3490553682001563e-5 1.3490553682001563e-5 1.3490553682001563e-5 1.3490553682001563e-5
4.9448000000000005e-5 0.7766842216412707 0.7767008609711954 0.7767051014853228 0.7767061823263305 1.3867059039866484e-5 1.3867059039866484e-5 1.3867059039866484e-5 1.3867059039866484e-5
5.2874e-5 0.7691770360340429 0.7691846429155351 0.7691696411509529 0.76919015561353 1.436087671154315e-5 1.436087671154315e-5 1.436087671154315e-5 1.436087671154315e-5
5.6537000000000004e-5 0.7613606268679849 0.76135170620516 0.7613410873583119 0.7613326053243329 1.4826982556274032e-5 1.4826982556274032e-5 1.4826982556274032e-5 1.4826982556274032e-5
6.0455e-5 0.7531634009668379 0.7531815723302715 0.7531775862503138 0.7531564058018331 1.5141630127251504e-5 1.5141630127251504e-5 1.5141630127251504e-5 1.5141630127251504e-5
6.4643e-5 0.7446797801287596 0.7446607793095372 0.7446535103338897 0.7446623330517638 1.5683423516000046e-5 1.5683423516000046e-5 1.5683423516000046e-5 1.5683423516000046e-5
6.9122e-5 0.7357889729916129 0.7357669355743568 0.7357700268648469 0.7357776895652981 1.607665245834954e-5 1.607665245834954e-5 1.607665245834954e-5 1.607665245834954e-5
7.3911e-5 0.7265529283295239 0.7265534876850176 0.7265329738006585 0.7265691914904433 1.6560362790716987e-5 1.6560362790716987e-5 1.6560362790716987e-5 1.6560362790716987e-5
7.9032e-5 0.7169512268202379 0.7169545896927644 0.7169650835042144 0.7169388414418569 1.7015412607651268e-5 1.7015412607651268e-5 1.7015412607651268e-5 1.7015412607651268e-5
8.450800000000001e-5 0.7069397524066376 0.706961700958864 0.7069290063418487 0.7069561540849302 1.754697172944257e-5 1.754697172944257e-5 1.754697172944257e-5 1.754697172944257e-5
9.0363e-5 0.6965854910562717 0.6965766122449804 0.6965554040682495 0.6965798901859654 1.794585395094077e-5 1.794585395094077e-5 1.794585395094077e-5 1.794585395094077e-5
9.6624e-5 0.6858224630310562 0.6857718656877183 0.6858254155493692 0.6858048213135213 1.851240252998372e-5 1.851240252998372e-5 1.851240252998372e-5 1.851240252998372e-5
0.000103319 0.6746297413561493 0.6746386036622946 0.6746549538475212 0.6746311528990354 1.89501154305831e-5 1.89501154305831e-5 1.89501154305831e-5 1.89501154305831e-5
0.00011047800000000001 0.6631054767973844 0.6631107854855797 0.663099559452459 0.6630899268423472 1.94485449826313e-5 1.94485449826313e-5 1.94485449826313e-5 1.94485449826313e-5
0.00011813200000000001 0.6511558686600516 0.6512485343227921 0.6511723922497605 0.6512072662664656 1.9999096948253515e-5 1.9999096948253515e-5 1.9999096948253515e-5 1.9999096948253515e-5
0.000126317 0.6388809250027192 0.6389171633510641 0.63889224302839 0.6389297559881018 2.0512266857410518e-5 2.0512266857410518e-5 2.0512266857410518e-5 2.0512266857410518e-5
0.000135069 0.6262811881603851 0.6263072706603561 0.6263020654937507 0.626265182417021 2.106859315896026e-5 2.106859315896026e-5 2.106859315896026e-5 2.106859315896026e-5
0.000144427 0.6133155401571077 0.6132994131795206 0.6133410821969474 0.613291220637172 2.1586026249268346e-5 2.1586026249268346e-5 2.1586026249268346e-5 2.1586026249268346e-5
0.000154434 0.6000143907672126 0.6000158795954549 0.6000155249968576 0.6000296846080522 2.213902978816512e-5 2.213902978816512e-5 2.213902978816512e-5 2.213902978816512e-5
0.00016513400000000002 0.5864228397105995 0.5864428951250777 0.5863758297501678 0.5864188635268066 2.2721328161780327e-5 2.2721328161780327e-5 2.2721328161780327e-5 2.2721328161780327e-5
0.00017657500000000002 0.5725496547369229 0.5725121921951433 0.5725611687524538 0.5725457270116152 2.332715383597569e-5 2.332715383597569e-5 2.332715383597569e-5 2.332715383597569e-5
0.00018881 0.5584183072870736 0.5584285025461769 0.5583785294911414 0.5584047762187837 2.388815049833256e-5 2.388815049833256e-5 2.388815049833256e-5 2.388815049833256e-5
0.00020189100000000002 0.5440214207911125 0.5440391674602199 0.5440348186046473 0.5440640208230786 2.4468218616077444e-5 2.4468218616077444e-5 2.4468218616077444e-5 2.4468218616077444e-5
0.000215879 0.529449514588707 0.5294385696342953 0.529433893004786 0.5294334682991134 2.506291471547528e-5 2.506291471547528e-5 2.506291471547528e-5 2.506291471547528e-5
0.000230837 0.5146421703105607 0.5146785442246297 0.5147122677891293 0.5146967001687416 2.56683251771628e-5 2.56683251771628e-5 2.56683251771628e-5 2.56683251771628e-5
0.00024683 0.49976715480908124 0.49978045551130584 0.4997777764742958 0.4997750561783204 2.6281053832770386e-5 2.6281053832770386e-5 2.6281053832770386e-5 2.6281053832770386e-5
0.00026393200000000003 0.4847296844509981 0.4847401492180168 0.4847366945192716 0.4847358108335497 2.6898092256478216e-5 2.6898092256478216e-5 2.6898092256478216e-5 2.6898092256478216e-5
0.000282219 0.469641841743955 0.46964554858429897 0.4696699408762758 0.4695701767533017 2.7516912575822844e-5 2.7516912575822844e-5 2.7516912575822844e-5 2.7516912575822844e-5
0.000301772 0.4544655101100142 0.4544542467885172 0.4544607362234831 0.4544887561854517 2.818209120463101e-5 2.818209120463101e-5 2.818209120463101e-5 2.818209120463101e-5
0.000322681 0.4392571073047703 0.43926745242980547 0.43919730800265316 0.43926123505291725 2.8841167913575165e-5 2.8841167913575165e-5 2.8841167913575165e-5 2.8841167913575165e-5
0.00034503800000000004 0.4240825360536282 0.4240760870933576 0.42406276383775987 0.4240671550457102 2.9493061025053795e-5 2.9493061025053795e-5 2.9493061025053795e-5 2.9493061025053795e-5
0.000368944 0.40894127765013755 0.409012533609201 0.4089071838058122 0.4089771546599233 3.0177866427411522e-5 3.0177866427411522e-5 3.0177866427411522e-5 3.0177866427411522e-5
0.00039450600000000003 0.39396377021574425 0.39389316029901444 0.3939364917892935 0.3939799687888722 3.0889807379075904e-5 3.0889807379075904e-5 3.0889807379075904e-5 3.0889807379075904e-5
0.00042184000000000004 0.3790025747798563 0.37901538657813544 0.37902001968785537 0.37901269981442925 3.158641227792857e-5 3.158641227792857e-5 3.158641227792857e-5 3.158641227792857e-5
0.00045106700000000004 0.3642609335267244 0.36419743476519634 0.3642200844842119 0.3642310990094397 3.230400568618806e-5 3.230400568618806e-5 3.230400568618806e-5 3.230400568618806e-5
0.00048232 0.3496916089038668 0.3496508307590836 0.34974600023255487 0.3496110161825902 3.303864428611218e-5 3.303864428611218e-5 3.303864428611218e-5 3.303864428611218e-5
0.000515737 0.33527288882734707 0.3353322545074234 0.3352703811218074 0.33522436424812335 3.3819814119664054e-5 3.3819814119664054e-5 3.3819814119664054e-5 3.3819814119664054e-5
0.0005514700000000001 0.3211598331725586 0.3211048312958532 0.3211101200341301 0.32110273494241715 3.4577744075881e-5 3.4577744075881e-5 3.4577744075881e-5 3.4577744075881e-5
0.0005896790000000001 0.3072444177437865 0.30728535303650817 0.3073228314423143 0.3072657035590678 3.540446634705734e-5 3.540446634705734e-5 3.540446634705734e-5 3.540446634705734e-5
0.000630535 0.2935942561347871 0.29360613669703517 0.29360788410009975 0.29366602305230255 3.623299069665543e-5 3.623299069665543e-5 3.623299069665543e-5 3.623299069665543e-5
0.000674222 0.28038125284704923 0.2803673973232014 0.2803613501213076 0.2803833366759728 3.706228816215565e-5 3.706228816215565e-5 3.706228816215565e-5 3.706228816215565e-5
0.000720936 0.26733980665102447 0.26739216892936446 0.26732650504491684 0.2673433652498022 3.794431355450124e-5 3.794431355450124e-5 3.794431355450124e-5 3.794431355450124e-5
0.000770886 0.25478795771741924 0.2548039618615772 0.2547333350260777 0.2546886885074421 3.8846802671818715e-5 3.8846802671818715e-5 3.8846802671818715e-5 3.8846802671818715e-5
0.0008242970000000001 0.24246649616019425 0.24245309991510275 0.24244955043912256 0.24245164611510003 3.9766785003213906e-5 3.9766785003213906e-5 3.9766785003213906e-5 3.9766785003213906e-5
0.0008814090000000001 0.230599114140759 0.23052710850250993 0.23050739068435488 0.23056709253897145 4.072493105488715e-5 4.072493105488715e-5 4.072493105488715e-5 4.072493105488715e-5
0.000942477 0.2190202924849833 0.21895459122419872 0.2190405095730413 0.2190136530322426 4.1716376109154886e-5 4.1716376109154886e-5 4.1716376109154886e-5 4.1716376109154886e-5
0.001007777 0.20781732974386763 0.20786348826752174 0.20789866819017033 0.20786263915281306 4.275814554971049e-5 4.275814554971049e-5 4.275814554971049e-5 4.275814554971049e-5
0.001077601 0.1971006238777067 0.19714442870034302 0.19711010907999754 0.19706049593886904 4.382372421504851e-5 4.382372421504851e-5 4.382372421504851e-5 4.382372421504851e-5
0.0011522630000000002 0.18677790193320298 0.1866877142704836 0.18679794989243662 0.1867099458046524 4.491025996672738e-5 4.491025996672738e-5 4.491025996672738e-5 4.491025996672738e-5
0.001232098 0.17680583237098865 0.17673310168324197 0.17673531461688305 0.17679879872149476 4.6052782750894184e-5 4.6052782750894184e-5 4.6052782750894184e-5 4.6052782750894184e-5
0.0013174640000000002 0.16716185316266313 0.16712494499938205 0.16714997300313295 0.16703371688500307 4.72268899012045e-5 4.72268899012045e-5 4.72268899012045e-5 4.72268899012045e-5
0.001408745 0.15795533321612346 0.15798545687791285 0.1579407183855918 0.15792923498525321 4.846351384516662e-5 4.846351384516662e-5 4.846351384516662e-5 4.846351384516662e-5
0.00150635 0.14915012275994155 0.14919105945376623 0.1491637077220373 0.14911844599487734 4.972256643897212e-5 4.972256643897212e-5 4.972256643897212e-5 4.972256643897212e-5
0.0016107180000000001 0.14075919477426835 0.14063103985755143 0.14063827802843437 0.14070252203805136 5.104934849901128e-5 5.104934849901128e-5 5.104934849901128e-5 5.104934849901128e-5
0.0017223160000000002 0.1326173835590809 0.13259575927889164 0.13265068498160773 0.1326496180406722 5.240595691407074e-5 5.240595691407074e-5 5.240595691407074e-5 5.240595691407074e-5
0.0018416480000000002 0.12493228028789338 0.12490934209647646 0.12490185562293359 0.12496883108494418 5.3833259826375494e-5 5.3833259826375494e-5 5.3833259826375494e-5 5.3833259826375494e-5
0.001969246 0.117579261276916 0.11758576570396174 0.1175461741192864 0.11769246060595044 5.529555105551496e-5 5.529555105551496e-5 5.529555105551496e-5 5.529555105551496e-5
0.0021056860000000003 0.11070418500083382 0.11058465814763418 0.11067730852988293 0.11071541237783791 5.682986057800823e-5 5.682986057800823e-5 5.682986057800823e-5 5.682986057800823e-5
0.002251579 0.1039639880515359 0.10408267956869162 0.10400622362072975 0.10395312896998088 5.841560833585496e-5 5.841560833585496e-5 5.841560833585496e-5 5.841560833585496e-5
0.0024075800000000003 0.097714180211789 0.09758066551672834 0.09756192851573159 0.0976717493118602 6.006005127567422e-5 6.006005127567422e-5 6.006005127567422e-5 6.006005127567422e-5
0.00257439 0.09166626941572466 0.09170204573743174 0.09161940033765757 0.09163555611283818 6.175722848000534e-5 6.175722848000534e-5 6.175722848000534e-5 6.175722848000534e-5
0.002752757 0.08602424240404491 0.08607152864505181 0.0859749691548795 0.08597645138689254 6.353655144696036e-5 6.353655144696036e-5 6.353655144696036e-5 6.353655144696036e-5
0.0029434820000000003 0.08063705188757858 0.08063267691702393 0.08058204848156263 0.080693190075887 6.536736258555832e-5 6.536736258555832e-5 6.536736258555832e-5 6.536736258555832e-5
0.003147422 0.0755647981763033 0.07561660310465816 0.07557104137530078 0.07548100651141519 6.727673938453636e-5 6.727673938453636e-5 6.727673938453636e-5 6.727673938453636e-5
0.0033654920000000003 0.07068283480823352 0.07064392546371165 0.07074209845810396 0.07082689690185714 6.925677265453691e-5 6.925677265453691e-5 6.925677265453691e-5 6.925677265453691e-5
0.0035986710000000003 0.0661346316493828 0.06617456097100667 0.0660427412014548 0.06616481976748081 7.1320282316028e-5 7.1320282316028e-5 7.1320282316028e-5 7.1320282316028e-5
0.0038480050000000003 0.06187055428894608 0.061909456985242875 0.06196654432055457 0.06191342340587637 7.344937137415403e-5 7.344937137415403e-5 7.344937137415403e-5 7.344937137415403e-5
0.004114615 0.05772448653872007 0.057924148789876055 0.057932931690022685 0.05772891345892819 7.566526357079956e-5 7.566526357079956e-5 7.566526357079956e-5 7.566526357079956e-5
0.004399697 0.05411450610396663 0.05419085334750108 0.054037235088048266 0.05406319516873677 7.79593701221423e-5 7.79593701221423e-5 7.79593701221423e-5 7.79593701221423e-5
0.0047045310000000005 0.05058547134534198 0.05040864637294161 0.05052515073846799 0.05050108629048991 8.034114429589742e-5 8.034114429589742e-5 8.034114429589742e-5 8.034114429589742e-5
0.005030485 0.04705910189462913 0.04701222084815616 0.046995396432995974 0.04702795039727822 8.280200531966218e-5 8.280200531966218e-5 8.280200531966218e-5 8.280200531966218e-5
0.005379023 0.043940117137467136 0.0439664577973016 0.04390883054063231 0.04382362736633191 8.536608001790942e-5 8.536608001790942e-5 8.536608001790942e-5 8.536608001790942e-5
0.00575171 0.04088527762841885 0.04100554809479813 0.040695598191951184 0.04075150731380104 8.802324620994014e-5 8.802324620994014e-5 8.802324620994014e-5 8.802324620994014e-5
0.006150218000000001 0.03807984447826527 0.03814036784531289 0.03827146501816666 0.037911314534283806 9.077185772660119e-5 9.077185772660119e-5 9.077185772660119e-5 9.077185772660119e-5
0.006576337000000001 0.03548909797220566 0.03544058175441565 0.03545532802472195 0.03545243172873798 9.362446949395273e-5 9.362446949395273e-5 9.362446949395273e-5 9.362446949395273e-5
0.00703198 0.03272948986547341 0.032788169716686834 0.032889786953703634 0.03282597291800801 9.658475427854077e-5 9.658475427854077e-5 9.658475427854077e-5 9.658475427854077e-5
0.007519191000000001 0.030844432301260858 0.03049291556511796 0.03059685763349333 0.030703299286140306 9.964892786570898e-5 9.964892786570898e-5 9.964892786570898e-5 9.964892786570898e-5
0.008040160000000001 0.02847075325226091 0.028383063421811638 0.028341474251795767 0.028453972644480456 0.00010282619527639855 0.00010282619527639855 0.00010282619527639855 0.00010282619527639855
0.008597224 0.026434630561599726 0.02629542575992953 0.026516288998891618 0.02643291474558279 0.00010611801730633708 0.00010611801730633708 0.00010611801730633708 0.00010611801730633708
0.009192884 0.024410330987633226 0.024457120797144728 0.024377988833691404 0.024450157477197212 0.00010953127035278243 0.00010953127035278243 0.00010953127035278243 0.00010953127035278243
0.009829815 0.022660450701707475 0.022548422122589742 0.022736161139010044 0.022756767328603014 0.00011306579246184352 0.00011306579246184352 0.00011306579246184352 0.00011306579246184352
0.010510875000000001 0.021060123756224246 0.02097658568751647 0.021036781904318142 0.020887621474908805 0.00011672663123334101 0.00011672663123334101 0.00011672663123334101 0.00011672663123334101
0.011239123 0.01959995912962052 0.01952943859197638 0.019550908464754203 0.019392050505245298 0.00012051778710641 0.00012051778710641 0.00012051778710641 0.00012051778710641
0.012017828000000001 0.018207187925312993 0.018122088345028545 0.017972174538376285 0.018234448939814896 0.0001244475194929576 0.0001244475194929576 0.0001244475194929576 0.0001244475194929576
0.012850485 0.016754068211010803 0.01656426146652779 0.01662672979550087 0.01649418691056177 0.00012851257513982474 0.00012851257513982474 0.00012851257513982474 0.00012851257513982474
0.013740834 0.015190263534100688 0.015322973909308986 0.015520530010316048 0.01552042806937887 0.00013272904362297553 0.00013272904362297553 0.00013272904362297553 0.00013272904362297553
0.01469287 0.014087489109947907 0.01425169448151932 0.014043402526138105 0.014200041023557364 0.0001370917789927019 0.0001370917789927019 0.0001370917789927019 0.0001370917789927019
0.015710868 0.013328625636970712 0.0133715616071377 0.013110102614119917 0.013217190936004491 0.00014160938326693493 0.00014160938326693493 0.00014160938326693493 0.00014160938326693493
0.016799398 0.012271394125856783 0.012076012699216926 0.012147230215700877 0.012098035365709695 0.00014628451592366365 0.00014628451592366365 0.00014628451592366365 0.00014628451592366365
0.017963347 0.011334833799097332 0.011099168592141705 0.011186608743890915 0.01101558739530582 0.0001511274293409798 0.0001511274293409798 0.0001511274293409798 0.0001511274293409798
0.019207941000000003 0.009946116680963466 0.01021895248923469 0.010286838403407819 0.010291580757063875 0.0001561424664175431 0.0001561424664175431 0.0001561424664175431 0.0001561424664175431
0.020538767000000003 0.00933728717025553 0.00982616686517416 0.00955835464502152 0.00953623466145159 0.00016133287689705937 0.00016133287689705937 0.00016133287689705937 0.00016133287689705937
0.021961799 0.008950382415192382 0.00878260267197011 0.008617216187639599 0.008518240619379641 0.0001667047512022234 0.0001667047512022234 0.0001667047512022234 0.0001667047512022234
0.023483426 0.007882091420720388 0.008236799886165514 0.007857573877772948 0.008038859049814934 0.00017226284223643206 0.00017226284223643206 0.00017226284223643206 0.00017226284223643206
0.025110479 0.007336219867742102 0.0074093217287907335 0.007280280475712362 0.007231250185078279 0.0001780178168104899 0.0001780178168104899 0.0001780178168104899 0.0001780178168104899
0.026850263000000003 0.007007950163480427 0.006718996816478758 0.006800972602149237 0.006782151832107726 0.0001839749388687808 0.0001839749388687808 0.0001839749388687808 0.0001839749388687808
0.028710588000000002 0.006037485999438976 0.006087148562801819 0.006211990414308685 0.0062648065519804435 0.00019014148510186247 0.00019014148510186247 0.00019014148510186247 0.00019014148510186247
0.030699806000000003 0.006000566686261944 0.00567755161661547 0.0059542508456370945 0.005533798015663539 0.00019651995304040826 0.00019651995304040826 0.00019651995304040826 0.00019651995304040826
0.032826848 0.00521774916673627 0.005049719949979519 0.00500968218071491 0.005263971904400141 0.0002031211587982721 0.0002031211587982721 0.0002031211587982721 0.0002031211587982721
0.035101262 0.00501293751811411 0.004750130400043351 0.00473815299263259 0.004645165441430379 0.00020995086400154003 0.00020995086400154003 0.00020995086400154003 0.00020995086400154003
0.037533259 0.0045245604617846 0.004376096167616577 0.004420188866015428 0.0044499000012747335 0.0002170191792608919 0.0002170191792608919 0.0002170191792608919 0.0002170191792608919
0.040133757 0.004016982696321476 0.00407085812530868 0.003707243283568557 0.003642937905017151 0.00022433419306036028 0.00022433419306036028 0.00022433419306036028 0.00022433419306036028
0.042914432 0.004033240630978359 0.003605476868219616 0.0034339462937535512 0.0036529741206608114 0.00023189950221512952 0.00023189950221512952 0.00023189950221512952 0.00023189950221512952
0.045887766 0.003457615989739153 0.003445201094251913 0.00323626018818525 0.0032495993709540935 0.00023973054842851997 0.00023973054842851997 0.00023973054842851997 0.00023973054842851997
0.049067108000000005 0.0026464525709837044 0.0032446289289175378 0.002830491185496585 0.0033408495849975017 0.00024782988958058875 0.00024782988958058875 0.00024782988958058875 0.00024782988958058875
0.052466731 0.0033004995731420123 0.0026517985197498746 0.0029276714171609796 0.0027255689184786246 0.00025621115230643705 0.00025621115230643705 0.00025621115230643705 0.00025621115230643705
0.056101897000000005 0.0024595281450173543 0.0025415846722620632 0.0027122877874208107 0.00291480460493433 0.0002648806499290462 0.0002648806499290462 0.0002648806499290462 0.0002648806499290462
0.059988927000000004 0.0026365624675396306 0.0021825751175335354 0.00235677784696784 0.002459298738143433 0.0002738498673562204 0.0002738498673562204 0.0002738498673562204 0.0002738498673562204
0.064145271 0.0018793715997165227 0.0024180051174204176 0.0019243945442056485 0.0026498916033491932 0.0002831279229590267 0.0002831279229590267 0.0002831279229590267 0.0002831279229590267
0.06858958700000001 0.0022003062509088345 0.0020270462345495376 0.001899662286712075 0.0020242973177972056 0.00029272824653297065 0.00029272824653297065 0.00029272824653297065 0.00029272824653297065
0.073341828 0.001795127480132717 0.0019106531130717933 0.001775139746631739 0.00200834705927391 0.00030265745989489713 0.00030265745989489713 0.00030265745989489713 0.00030265745989489713
0.07842333 0.0014398124476219418 0.001861754724082217 0.0021008437707344327 0.002402220493395025 0.00031292833770794876 0.00031292833770794876 0.00031292833770794876 0.00031292833770794876
0.08385690400000001 0.0015418683102587233 0.0016734686800128126 0.0016515994465160346 0.0013400549035451925 0.00032355487045464997 0.00032355487045464997 0.00032355487045464997 0.00032355487045464997
0.08966694400000001 0.0009544205112476147 0.001637276453559656 0.0017561343547018765 0.0010437558172449683 0.00033454634098097514 0.00033454634098097514 0.00033454634098097514 0.00033454634098097514
0.095879534 0.0012093670859032223 0.0017843416863462045 0.0010547925036425972 0.0007952023438915622 0.0003459169821808931 0.0003459169821808931 0.0003459169821808931 0.0003459169821808931
0.10252256400000001 0.0008393545637351717 0.0013177862775238262 0.0008436615064365381 0.0005566157275332664 0.0003576780945671732 0.0003576780945671732 0.0003576780945671732 0.0003576780945671732
0.109625858 0.0018049966751097336 0.0011688442538505296 0.0011395358427744207 0.0010862228775251387 0.0003698434509501682 0.0003698434509501682 0.0003698434509501682 0.0003698434509501682
0.11722130500000001 0.00098636433198418 0.0008709043329417582 0.0011370210651755475 0.0010893849023851149 0.00038242715016275144 0.00038242715016275144 0.00038242715016275144 0.00038242715016275144
0.125343003 0.000900381127523036 0.0010314271245856212 0.0009845629964157485 0.0005497766843319746 0.00039544500847973186 0.00039544500847973186 0.00039544500847973186 0.00039544500847973186
0.134027415 7.602454170988989e-5 0.0004572165483735567 0.0004474708414257424 0.0008321578632668699 0.00040890956558728187 0.00040890956558728187 0.00040890956558728187 0.00040890956558728187
0.143313528 0.00119707739790522 0.0009495255955160316 0.0006421203461883579 0.0002781155634680821 0.00042283932381567815 0.00042283932381567815 0.00042283932381567815 0.00042283932381567815
0.153243031 0.0010912778074495307 0.000675569003903881 0.0010585034045174238 0.001374145831007322 0.00043724623769369114 0.00043724623769369114 0.00043724623769369114 0.00043724623769369114
0.16386050100000002 0.0005788743202569185 0.000745994469646455 0.001442806953398208 0.000490823628895508 0.0004521504114052849 0.0004521504114052849 0.0004521504114052849 0.0004521504114052849
0.17521360400000002 0.0006146077600251467 0.0008794748596971378 0.0001502938703734425 0.0011557084862995103 0.00046756664329241005 0.00046756664329241005 0.00046756664329241005 0.00046756664329241005
0.18735330900000002 0.00036302475854295803 0.0008334278000380846 0.0005969152706410667 -0.0001782984986704441 0.00048351285084144094 0.00048351285084144094 0.00048351285084144094 0.00048351285084144094
0.200334116 6.891592415464497e-5 0.0005969020556097113 0.000643948789461367 0.00107404639120357 0.0005000094255739806 0.0005000094255739806 0.0005000094255739806 0.0005000094255739806
0.21421430000000002 4.31276246080439e-5 -0.00030275923392926603 0.0013909158636430177 0.0004232730214344311 0.0005170738363104192 0.0005170738363104192 0.0005170738363104192 0.0005170738363104192
0.229056175 0.00044992079470880476 0.0009943425228590068 0.0016471155127189174 0.00032359989289627974 0.000534726759445458 0.000534726759445458 0.000534726759445458 0.000534726759445458
0.244926372 -0.0003910824023673159 0.000269568445030277 -0.0002745566836171492 0.0007911541685793478 0.0005529880125899092 0.0005529880125899092 0.0005529880125899092 0.0005529880125899092
0.261896138 0.000525513168476679 -0.000624865472551331 -0.0005558910681919341 0.00023215854331400015 0.0005718797877839705 0.0005718797877839705 0.0005718797877839705 0.0005718797877839705
0.280041658 0.0004123208455925131 -0.00015018352868744102 0.0005266981364493316 0.0003916802135907008 0.0005914239789230972 0.0005914239789230972 0.0005914239789230972 0.0005914239789230972
0.29944439300000003 0.001419173306945885 0.001247056442870286 -0.0003341661064719882 1.2917862786489048e-6 0.0006116420386460887 0.0006116420386460887 0.0006116420386460887 0.0006116420386460887
0.32019145000000004 0.0005935749059921059 -0.00049647587061977 -0.0006746418501453113 -3.005105433370999e-5 0.0006325598047974303 0.0006325598047974303 0.0006325598047974303 0.0006325598047974303
0.34237597000000003 -0.0007360561052530273 0.0001632050158297286 0.0002121288680580582 0.00013119600911122364 0.0006542018289290753 0.0006542018289290753 0.0006542018289290753 0.0006542018289290753
0.366097549 0.0008656401776641552 0.0010786162263751457 -0.00024060535544879775 0.0009233870191111837 0.0006765932189908568 0.0006765932189908568 0.0006765932189908568 0.0006765932189908568
0.39146268100000003 0.0007971193437504138 -0.00042208946266375144 -0.0009698591889944502 -0.0007683020382820131 0.0006997602443408445 0.0006997602443408445 0.0006997602443408445 0.0006997602443408445
0.41858524100000005 -0.00015438246760010114 -0.0005632749229615687 0.00024636771795904025 0.000925158040317992 0.000723730812928545 0.000723730812928545 0.000723730812928545 0.000723730812928545
0.44758699300000004 0.001087504751524846 0.0003636208951050959 -0.0003966612542962071 -0.0003514610323715104 0.0007485348369703362 0.0007485348369703362 0.0007485348369703362 0.0007485348369703362
0.47859813500000004 0.0005163189543712554 0.0004525842899205584 -0.00029002328969796796 7.330270927305753e-5 0.0007742012667874748 0.0007742012667874748 0.0007742012667874748 0.0007742012667874748
0.51175789 -0.0014954167202194868 -0.0007373379037212639 -0.0002518031570167977 -0.001450959341434398 0.0008007619356145226 0.0008007619356145226 0.0008007619356145226 0.0008007619356145226
0.547215125 -0.00024114048111970542 -0.00046451507053155285 -0.00042597295921296144 0.0004517931839427741 0.0008282486127678226 0.0008282486127678226 0.0008282486127678226 0.0008282486127678226
0.58512902 -0.001900733170990567 0.0012161533453328229 0.0010986505008041877 0.0006999975727122443 0.0008566957175896371 0.0008566957175896371 0.0008566957175896371 0.0008566957175896371
0.625669786 -0.00023104725931047805 0.0008308912605854152 -0.0010553855531039468 -0.00011894587294291153 0.0008861382577362286 0.0008861382577362286 0.0008861382577362286 0.0008861382577362286
0.6690194260000001 -0.0008016295895537457 -0.0014341827389498822 -0.00275914512776695 0.0017143894309083923 0.000916612190726864 0.000916612190726864 0.000916612190726864 0.000916612190726864
0.715372553 -3.3267243980159445e-5 0.0008973470158507173 -0.0018685419236733978 0.00021494974740789087 0.0009481573628969391 0.0009481573628969391 0.0009481573628969391 0.0009481573628969391
0.764937265 -0.0017634750026956545 0.00034310056757368607 -0.0014261250653946355 0.0007498847458292439 0.0009808115330772046 0.0009808115330772046 0.0009808115330772046 0.0009808115330772046
0.817936077 -0.001251176874814391 0.0002671868389227586 0.00039630881588237577 -0.0008904019912117908 0.0010146179186286053 0.0010146179186286053 0.0010146179186286053 0.0010146179186286053
0.8746069200000001 0.0007733856303774811 0.0018604490153264826 -0.0004817325957575496 0.0002838480438631394 0.0010496193108513823 0.0010496193108513823 0.0010496193108513823 0.0010496193108513823
0.935204212 0.0007132004625615668 -0.00018334617007933224 -0.0007932955594841733 -0.0008275989090616978 0.0010858608165434712 0.0010858608165434712 0.0010858608165434712 0.0010858608165434712
0.999999999 -0.0003150930488977445 -0.0008523852051790287 -0.0021501366521815084 0.000282511633589383 0.0011233904026614388 0.0011233904026614388 0.0011233904026614388 0.0011233904026614388
